descripcion	Year	Engine HP	Engine Cylinders	Number of Doors	highway MPG	city mpg	Popularity	MSRP
AcuraCL	2002.3333333333333	236.66666666666666	6	2	26.77777777777778	17	204	29818.88888888889
AcuraILX	2016.125	191.4375	4	4	35.125	24.625	204	30712.5
AcuraILX Hybrid	2014	111	4	4	38	39	204	31750
AcuraIntegra	2000.2083333333333	152.08333333333334	4	2.9166666666666665	28.166666666666668	21.833333333333332	204	11768.583333333334
AcuraLegend	1994.0625	215	6	3.25	23.1875	16	204	2143.5
AcuraMDX	2016.0588235294117	290	6	4	26.735294117647058	18.852941176470587	204	50332.05882352941
AcuraNSX	2007	331.4	6	2	22	17	204	102400
AcuraRDX	2016.25	278	6	4	27.916666666666668	19.5	204	39232.5
AcuraRL	2011	300	6	4	23.333333333333332	16.666666666666668	204	51340
AcuraRLX	2015.75	321.1666666666667	6	4	31	21.333333333333332	204	56491.666666666664
AcuraRSX	2005	167.4	4	2	30.266666666666666	22.466666666666665	204	21689
AcuraSLX	1997.75	202.5	6	4	17.5	13	204	2658.75
AcuraTL	2013.0434782608695	293.04347826086956	6	4	27.304347826086957	18.82608695652174	204	40876.739130434784
AcuraTLX	2016	266	5.428571428571429	4	33.42857142857143	21.857142857142858	204	38730
AcuraTSX	2012.9375	220.75	4.5	4	29.875	21.0625	204	33284.0625
AcuraTSX Sport Wagon	2013	201	4	4	30	22	204	33560
AcuraVigor	1993	176	5	4	24	18	204	2000
AcuraZDX	2011.7142857142858	300	6	4	23	16	204	51062.857142857145
Alfa Romeo4C	2015.4	237	4	2	34	24	113	61600
Aston MartinDB7	2003	423.75	12	2	16.75	10	259	151550
Aston MartinDB9	2014.25	510	12	2	19	13	259	196522.5
Aston MartinDB9 GT	2016	540	12	2	19	13	259	215602.33333333334
Aston MartinDBS	2011.25	510	12	2	17.5	11.5	259	281573
Aston MartinRapide	2011.25	470	12	4	19	13	259	210122.5
Aston MartinRapide S	2015	551.3333333333334	12	4	21	13.666666666666666	259	202748.33333333334
Aston MartinV12 Vanquish	2005	490	12	2	16.5	10.25	259	245880
Aston MartinV12 Vantage	2011.6666666666667	510	12	2	17	11	259	187565
Aston MartinV12 Vantage S	2015.6666666666667	565	12	2	18	12	259	188095
Aston MartinV8 Vantage	2015.125	428.75	8	2	20	13.5	259	129535
Aston MartinVanquish	2015.25	567.25	12	2	20.5	13	259	297083.75
Aston MartinVirage	2012	490	12	2	18	13	259	215795
Audi100	1993	172	6	4	22.266666666666666	16.466666666666665	3105	2000
Audi200	1990.5	180.33333333333334	5	4	21.5	15.666666666666666	3105	2000
Audi80	1991	126.33333333333333	4.833333333333333	4	23.666666666666668	17.166666666666668	3105	2000
Audi90	1994	172	6	4	23.22222222222222	17.22222222222222	3105	2000
AudiA3	2015.936170212766	190.3404255319149	4	3.148936170212766	35.02127659574468	25.127659574468087	3105	38652.12765957447
AudiA4	2016.04	225.36	4	4	32.28	23.52	3105	39752
AudiA4 allroad	2017	252	4	4	28	23	3105	47466.666666666664
AudiA5	2016.3333333333333	220	4	2	28.77777777777778	20.333333333333332	3105	44300
AudiA6	2015.9565217391305	267.30434782608694	4.956521739130435	4	46.34782608695652	22.304347826086957	3105	54673.913043478264
AudiA7	2015.8	291.2	6	4	32.3	21.5	3105	69895
AudiA8	2016.3333333333333	384.3333333333333	7.666666666666667	4	28.833333333333332	18.5	3105	94850
AudiCabriolet	1997	172	6	2	22	17	3105	2868.3333333333335
AudiCoupe	1990.5	164	5	2	22	15.5	3105	2000
AudiQ3	2016.142857142857	200	4	4	28.285714285714285	20	3105	36292.857142857145
AudiQ5	2015.85	244.1	5.2	4	28.4	21	3105	48255
AudiQ7	2015	281.6666666666667	6	4	25	17.8	3105	57373.333333333336
AudiR8	2014.76	506.4	9.36	2	21	12.64	3105	158819.6
AudiRS 4	2007.6666666666667	420	8	3.3333333333333335	19.666666666666668	12.666666666666666	3105	71603.33333333333
AudiRS 5	2014	450	8	2	22.666666666666668	16	3105	74066.66666666667
AudiRS 6	2003	450	8	4	20	14	3105	82700
AudiRS 7	2016	560	8	4	25.666666666666668	15.333333333333334	3105	108700
AudiS3	2016	292	4	4	30	22.333333333333332	3105	45091.666666666664
AudiS4	2015	333	6	4	27	17.5	3105	52150
AudiS5	2016.3333333333333	333	6	2	26.666666666666668	17.666666666666668	3105	58183.333333333336
AudiS6	2016.2	444	8	4	27	17.8	3105	73340
AudiS7	2016.25	442.5	8	4	27	17	3105	82050
AudiS8	2016	562.5	8	4	25.25	15.75	3105	115150
AudiSQ5	2016	354	6	4	24	17	3105	56850
AudiTT	2016	217	4	2	30.333333333333332	22.666666666666668	3105	43916.666666666664
AudiTT RS	2012.5	360	5	2	25	18	3105	57025
AudiTTS	2015.75	278.5	4	2	29	22.5	3105	51200
AudiV8	1993	276	8	4	18	13	3105	2129.3333333333335
Audiallroad	2014.875	220	4	4	27.625	20.625	3105	44675
Audiallroad quattro	2004.125	262.5	6.5	4	20.125	14.375	3105	41943.75
BMW1 Series	2012.25	267.5	6	2	27.625	18.75	3916	37853.125
BMW1 Series M	2011	335	6	2	26	19	3916	46135
BMW2 Series	2016.4705882352941	283.05882352941177	4.9411764705882355	2	32.705882352941174	21.823529411764707	3916	41697.05882352941
BMW3 Series	2015.9117647058824	230	4.411764705882353	4	35.73529411764706	24.676470588235293	3916	40897.05882352941
BMW3 Series Gran Turismo	2015.857142857143	269.7142857142857	4.857142857142857	4	31.857142857142858	21.285714285714285	3916	45250
BMW4 Series	2015.8620689655172	268.6896551724138	4.827586206896552	2	32.34482759	21.517241379310345	3916	48984.48275862069
BMW4 Series Gran Coupe	2015.857142857143	269.7142857142857	4.857142857142857	4	32.57142857142857	21.714285714285715	3916	44750
BMW5 Series	2015.5	310.125	6	4	31.5625	21.25	3916	58306.25
BMW5 Series Gran Turismo	2015.9	358	6.8	4	25.8	17.4	3916	65740
BMW6 Series	2016	380	7	2	27.083333333333332	18.166666666666668	3916	87933.33333333333
BMW6 Series Gran Coupe	2016	380	7	4	26.916666666666668	18	3916	86383.33333333333
BMW7 Series	2015.6875	390.9375	7.375	4	26.375	17.8125	3916	90662.5
BMW8 Series	1995.857142857143	312	10.285714285714286	2	19.285714285714285	12.714285714285714	3916	6583
BMWALPINA B6 Gran Coupe	2016	580	8	4	24	15.333333333333334	3916	120666.66666666667
BMWALPINA B7	2014.7777777777778	546.6666666666666	8	4	24.444444444444443	16	3916	132333.33333333334
BMWActiveHybrid 5	2015	335	6	4	30	23	3916	61800
BMWActiveHybrid 7	2014	345	6	4	30	22	3916	84300
BMWActiveHybrid X6	2010.5	480	8	4	19	17	3916	88900
BMWAlpina	2003	375	8	2	19	13	3916	136900
BMWM	2003.2	321	6	2	23	15	3916	47314
BMWM2	2016.5	365	6	2	26	18	3916	51700
BMWM3	2016	425	6	4	26	17	3916	63166.666666666664
BMWM4	2016	425	6	2	26	17	3916	69583.33333333333
BMWM4 GTS	2016	493	6	2	23	16	3916	133205
BMWM5	2015	557.3333333333334	8	4	20	14	3916	93533.33333333333
BMWM6	2016	557.3333333333334	8	2	20.333333333333332	14.166666666666666	3916	116150
BMWM6 Gran Coupe	2016	557.3333333333334	8	4	20	14	3916	116800
BMWX1	2015.8333333333333	244	4.333333333333333	4	31.333333333333332	21.666666666666668	3916	34383.333333333336
BMWX3	2016	240	4.5	4	29.083333333333332	22	3916	42237.5
BMWX4	2016	290.7142857142857	5.142857142857143	4	27	19.285714285714285	3916	49871.42857142857
BMWX5	2016	325	6.5	4	25.583333333333332	18.666666666666668	3916	60308.333333333336
BMWX5 M	2016	567	8	4	19	14	3916	98766.66666666667
BMWX6	2016	348.3333333333333	6.666666666666667	4	24	17.11111111111111	3916	66044.44444444444
BMWX6 M	2016	567	8	4	19	14	3916	102166.66666666667
BMWZ3	2001	202.66666666666666	6	2	25.22222222222222	18.11111111111111	3916	25358.666666666668
BMWZ4	2015	291.6666666666667	5.333333333333333	2	27.555555555555557	18.88888888888889	3916	57438.88888888889
BMWZ4 M	2007.5	330	6	2	22.5	15	3916	51250
BMWZ8	2002	394	8	2	19	12	3916	129833.33333333333
BMWi3	2016.25	170	0	4	109.75	135	3916	42700
BentleyArnage	2008.1	470	8	4	14.6	9.8	520	246890
BentleyAzure	2008	450	8	2	15	9.333333333333334	520	331656.6666666667
BentleyAzure T	2010	500	8	2	15	9	520	363000
BentleyBrooklands	2009.5	530	8	2	14.5	9.5	520	340990
BentleyContinental	2001.6666666666667	416.6666666666667	8	2	15	10	520	309596.6666666667
BentleyContinental Flying Spur	2012	552	12	4	18.666666666666668	11	520	183200
BentleyContinental Flying Spur Speed	2012	600	12	4	17	10	520	208600
BentleyContinental GT	2015.2631578947369	551.2631578947369	9.894736842105264	2	22.57894736842105	13.368421052631579	520	215978.94736842104
BentleyContinental GT Speed	2012	608	12	2	18.5	11.5	520	212350
BentleyContinental GT Speed Convertible	2014	626	12	2	20	12	520	238700
BentleyContinental GT3-R	2015	572	8	2	23	13	520	337000
BentleyContinental GTC	2013.3333333333333	537	10	2	21.666666666666668	12.666666666666666	520	207816.66666666666
BentleyContinental GTC Speed	2010.5	600	12	2	17	10	520	233750
BentleyContinental Supersports	2011	621	12	2	19	12	520	267000
BentleyContinental Supersports Convertible	2011.5	621	12	2	19	12	520	280400
BentleyFlying Spur	2015.2	569.6	10.4	4	21.6	12.8	520	206940
BentleyMulsanne	2015.25	511.25	8	4	18	11	520	310475
BentleySupersports Convertible ISR	2013	631	12	2	19	12	520	291900
BugattiVeyron 16.4	2008.3333333333333	1001	16	2	14	8	820	1757223.6666666667
BuickCascada	2016.6	200	4	2	27	20	155	35065
BuickCentury	2004	175	6	4	26.666666666666668	18	155	21696.666666666668
BuickElectra	1990	165	6	4	25	16	155	2000
BuickEnclave	2016	288	6	4	22.4	15.533333333333333	155	45054.666666666664
BuickEncore	2016.0714285714287	139.07142857142858	4	4	31.678571428571427	24.571428571428573	155	27877.5
BuickEnvision	2016.75	224.5	4	4	27.25	20.75	155	40617.5
BuickEstate Wagon	1990	140	8	4	22	15	155	2000
BuickLaCrosse	2015.9	293.3	5.8	4	29.05	19.2	155	37077
BuickLeSabre	2004	205	6	4	27	17.666666666666668	155	29050
BuickLucerne	2009.8095238095239	236.28571428571428	6.285714285714286	4	25.61904761904762	16.714285714285715	155	34554.04761904762
BuickPark Avenue	2004	222.5	6	4	26.333333333333332	17	155	37714.166666666664
BuickRainier	2006	285.6666666666667	6	4	19.833333333333332	14	155	32945.833333333336
BuickReatta	1990.5	167.5	6	2	25	16	155	2000
BuickRegal	2016.4117647058824	249.94117647058823	4	4	28.647058823529413	19.941176470588236	155	31872.058823529413
BuickRendezvous	2006	192	6	4	22.666666666666668	16.666666666666668	155	27127.5
BuickRiviera	1997.75	231.25	6	2	25	16.25	155	2133.5
BuickRoadmaster	1995	260	8	4	23.333333333333332	15	155	2044.6666666666667
BuickSkylark	1996.75	152.5	4.5	3.25	28.375	18.75	155	2000
BuickTerraza	2005.909090909091	210.36363636363637	6	4	22.272727272727273	15.636363636363637	155	30005.909090909092
BuickVerano	2015.857142857143	190	4	4	31.5	21	155	24694.64285714286
CadillacATS	2015.7692307692307	286.8974358974359	4.769230769230769	4	29.512820512820515	20.46153846153846	1624	42111.153846153844
CadillacATS Coupe	2015.8	296.6	4.857142857142857	2	29.4	20.34285714285714	1624	45772.142857142855
CadillacATS-V	2016.5	464	6	3	23	16.5	1624	61680
CadillacAllante	1992	231.66666666666666	8	2	20	13.666666666666666	1624	2197.3333333333335
CadillacBrougham	1990.75	155	8	4	22.5	15	1624	2000
CadillacCT6	2016.5	342.44444444444446	5.555555555555555	4	27.444444444444443	18.88888888888889	1624	66033.33333333333
CadillacCTS	2015.857142857143	314	5.0476190476190474	4	28.261904761904763	19.261904761904763	1624	56959.76190476191
CadillacCTS Coupe	2013	318	6	2	27	18	1624	44645
CadillacCTS Wagon	2012.909090909091	296.1818181818182	6	4	26.09090909090909	18	1624	45185
CadillacCTS-V	2015.6666666666667	612	8	4	20.333333333333332	14	1624	77863.33333333333
CadillacCTS-V Coupe	2014	556	8	2	19	14	1624	65571.66666666667
CadillacCTS-V Wagon	2013	556	8	4	19	14	1624	63343.333333333336
CadillacCatera	2000	200	6	4	22.75	16	1624	9428.75
CadillacDTS	2009.857142857143	278.64285714285717	8	4	22.857142857142858	15	1624	51683.21428571428
CadillacDeVille	2004.1	281.5	8	4	23.7	15.7	1624	48547.5
CadillacEldorado	2001.142857142857	289.2857142857143	8	2	25	15.428571428571429	1624	32237.714285714286
CadillacEscalade	2015.8	420	8	4	21.266666666666666	14.9	1624	81037.33333333333
CadillacEscalade ESV	2015.8	420	8	4	21.033333333333335	14.766666666666667	1624	84037.33333333333
CadillacEscalade EXT	2012	403	8	4	18	13	1624	66572.22222222222
CadillacEscalade Hybrid	2012	332	8	4	23	20	1624	80522.5
CadillacFleetwood	1995	260	8	4	23.333333333333332	15	1624	2052.6666666666665
CadillacSRX	2015	308	6	4	23.571428571428573	16.571428571428573	1624	45903.80952380953
CadillacSTS	2010.1	307.4	6.6	4	26	17	1624	53597.5
CadillacSTS-V	2008	469	8	4	19	12.666666666666666	1624	78526.66666666667
CadillacSeville	2002.8	285	8	4	24.8	16	1624	47452.8
CadillacSixty Special	1993	200	8	4	23	15	1624	2000
CadillacXLR	2007.7142857142858	320	8	2	24	15	1624	82502.85714285714
CadillacXLR-V	2008	443	8	2	21.25	13.75	1624	100373.75
CadillacXT5	2017	310	6	4	26.5	18.5	1624	50010.833333333336
CadillacXTS	2016	327.55555555555554	6	4	26.296296296296298	17.22222222222222	1624	58115.555555555555
ChevroletAstro	2004	190	6	3	17.666666666666668	13	1385	25105
ChevroletAstro Cargo	2004	190	6	3	19	14.333333333333334	1385	23791.666666666668
ChevroletAvalanche	2011.2	320	8	4	21	15	1385	42064.666666666664
ChevroletAveo	2010	107.66666666666667	4	4	34.666666666666664	27	1385	13843.333333333334
ChevroletBeretta	1995	140.83333333333334	4.666666666666667	2	29.666666666666668	19.833333333333332	1385	2000
ChevroletBlack Diamond Avalanche	2013	320	8	4	21	15	1385	41295.833333333336
ChevroletBlazer	2003.9285714285713	190	6	2.857142857142857	18.785714285714285	13.785714285714286	1385	24151.428571428572
ChevroletBolt EV	2017	200		4	110	128	1385	38762.5
ChevroletC/K 1500 Series	1997.5357142857142	205.89285714285714	6.392857142857143	2.0357142857142856	19.107142857142858	14.321428571428571	1385	2902.035714285714
ChevroletC/K 2500 Series	1998	242.5	8	2	17.5	12.5	1385	3048.75
ChevroletCamaro	2015.969696969697	393.8484848484849	6.424242424242424	2	26.21212121212121	17.363636363636363	1385	38991.666666666664
ChevroletCaprice	1994.857142857143	225.71428571428572	8	4	23.714285714285715	15.571428571428571	1385	2000
ChevroletCaptiva Sport	2014	180	4	4	28	20	1385	26205.833333333332
ChevroletCavalier	2004.05	140	4	2.9	32.1	22.7	1385	15308
ChevroletCelebrity	1990	122.5	5	4	28	18.5	1385	2000
ChevroletChevy Van	1997	198.33333333333334	6	3	17.333333333333332	13.666666666666666	1385	2024.2222222222222
ChevroletCity Express	2016	131	4	4	26	24	1385	22810
ChevroletClassic	2004.5	140	4	4	31	22	1385	19597.5
ChevroletCobalt	2009	174.45454545454547	4	2.909090909090909	34.18181818181818	24	1385	17302.272727272728
ChevroletColorado	2014.462962962963	240.09259259259258	4.907407407407407	3.8518518518518516	24.77777777777778	18.01851851851852	1385	27664.722222222223
ChevroletCorsica	1995	120	4	4	28.5	21.5	1385	2000
ChevroletCorvette	2016.1	515.5	8	2	25.7	16.1	1385	71505.33333333333
ChevroletCorvette Stingray	2014	455	8	2	29	17	1385	57500
ChevroletCruze	2015.96	147.4	4	4	39.32	27.68	1385	20469.4
ChevroletCruze Limited	2016	138	4	4	37.77777777777778	25.555555555555557	1385	20188.88888888889
ChevroletEquinox	2015.9130434782608	182	4	4	30.565217391304348	21.130434782608695	1385	27577.391304347828
ChevroletExpress	2015.0588235294117	287.94117647058823	8	3	16.647058823529413	11.235294117647058	1385	34804.117647058825
ChevroletExpress Cargo	2014	252.5	7	3	18	13.5	1385	30235
ChevroletHHR	2009.7857142857142	177.5	4	4	31.071428571428573	21.785714285714285	1385	20762.5
ChevroletImpala	2015.7222222222222	240.83333333333334	5.222222222222222	4	28.38888888888889	19.27777777777778	1385	33558.61111111111
ChevroletImpala Limited	2015	300	6	4	30	18	1385	27735
ChevroletLumina	1999.6	174	6	4	26.4	17.4	1385	5406.8
ChevroletLumina Minivan	1995	140	6	3	22	17	1385	2000
ChevroletMalibu	2015.8947368421052	196.42105263157896	4	4	36	27.263157894736842	1385	25704.736842105263
ChevroletMalibu Classic	2008	194.33333333333334	5.333333333333333	4	29.333333333333332	19.333333333333332	1385	19316.666666666668
ChevroletMalibu Hybrid	2009	164	4	4	33.333333333333336	25.333333333333332	1385	25040
ChevroletMalibu Limited	2016	197	4	4	34	24	1385	24346.25
ChevroletMalibu Maxx	2006.090909090909	212.1818181818182	6	4	27.09090909090909	18.636363636363637	1385	21954.090909090908
ChevroletMetro	1999.7142857142858	72.14285714285714	3.7142857142857144	2.857142857142857	38.285714285714285	31.428571428571427	1385	3502.1428571428573
ChevroletMonte Carlo	2006	232.1818181818182	6.363636363636363	2	27.363636363636363	18	1385	23868.636363636364
ChevroletPrizm	2001	125	4	4	36	27	1385	10872.166666666666
ChevroletS-10	2002.4571428571428	156	5.0285714285714285	2.657142857142857	21.37142857142857	16	1385	19452.02857142857
ChevroletS-10 Blazer	1993.1612903225807	163.8709677419355	6	2.967741935483871	20.64516129032258	15.32258064516129	1385	2000
ChevroletSS	2015	415	8	4	20.666666666666668	14	1385	45265
ChevroletSSR	2005	363.3333333333333	8	2	18	14	1385	41138.333333333336
ChevroletSilverado 1500	2015.9615384615386	310.12820512820514	6.717948717948718	3.4358974358974357	22.634615384615383	16.884615384615383	1385	38876.217948717946
ChevroletSilverado 1500 Classic	2007	273.7755102040816	7.591836734693878	3.510204081632653	18.612244897959183	13.89795918367347	1385	27336.73469387755
ChevroletSilverado 1500 Hybrid	2012	332	8	4	23	20	1385	44802.5
ChevroletSonic	2015.85	138	4	4	35.325	25.95	1385	18167.5
ChevroletSpark	2016	93.33333333333333	4	4	39.333333333333336	30.166666666666668	1385	14940
ChevroletSpark EV	2015	140	0	4	109	128	1385	25842.5
ChevroletSportvan	1994.25	179.5	7	3	16	12.25	1385	2000
ChevroletSuburban	2016	355	8	4	22.5	15.5	1385	57672.22222222222
ChevroletTahoe	2016	355	8	4	22.5	16	1385	54972.22222222222
ChevroletTahoe Hybrid	2012	332	8	4	23	20	1385	53647.5
ChevroletTahoe Limited/Z71	2000	255	8	4	15.5	11.5	1385	3439
ChevroletTracker	2002.857142857143	145.47619047619048	5.0476190476190474	3.4285714285714284	21.333333333333332	18.238095238095237	1385	19742.14285714286
ChevroletTrailBlazer	2008	321.46666666666664	6.666666666666667	4	18.733333333333334	13.4	1385	31843
ChevroletTrailBlazer EXT	2005	280.3333333333333	6	4	18.333333333333332	13.333333333333334	1385	30166.666666666668
ChevroletTraverse	2016.0384615384614	282.61538461538464	6	4	22.46153846153846	15.461538461538462	1385	36282.692307692305
ChevroletTrax	2015.909090909091	138	4	4	32.22727272727273	24.863636363636363	1385	23123.636363636364
ChevroletUplander	2006.8695652173913	224.52173913043478	6	4	22.91304347826087	15.956521739130435	1385	24609.565217391304
ChevroletVenture	2003.6363636363637	185	6	4	23.636363636363637	16.818181818181817	1385	26836.590909090908
Chrysler200	2016.1304347826087	217.7826086956522	4.608695652173913	4	33.73913043478261	21.47826086956522	1013	26582.17391304348
Chrysler300	2016.0666666666666	294.6666666666667	6	4	28.833333333333332	18.5	1013	38134.333333333336
Chrysler300M	2003	251.66666666666666	6	4	24.666666666666668	16	1013	30600.833333333332
ChryslerAspen	2008.142857142857	295	8	4	18.428571428571427	14.142857142857142	1013	35792.142857142855
ChryslerCirrus	1999	168	6	4	24.666666666666668	16.666666666666668	1013	2227.3333333333335
ChryslerConcorde	2003	228	6	4	25.333333333333332	17.333333333333332	1013	25935
ChryslerCrossfire	2006.6666666666667	234.16666666666666	6	2	22.833333333333332	15	1013	36849.583333333336
ChryslerGrand Voyager	2000	158	6	4	23	16	1013	2217.5
ChryslerImperial	1992	150	6	4	23.333333333333332	16	1013	2000
ChryslerLHS	2000	253	6	4	24	16	1013	10922.333333333334
ChryslerLe Baron	1993.4166666666667	130.91666666666666	5.5	2.6666666666666665	25.5	18.333333333333332	1013	2000
ChryslerNew Yorker	1995	214	6	4	24	16	1013	2000
ChryslerPT Cruiser	2008.625	157.5	4	3.75	24.75	19.5	1013	19908.125
ChryslerPacifica	2010.2941176470588	257.3529411764706	6	4	23.941176470588236	15.588235294117647	1013	31424.41176470588
ChryslerProwler	2001.5	253	6	2	21	15.5	1013	44625
ChryslerSebring	2008.9	187.35	4.7	3.1	28.5	19.4	1013	25975.75
ChryslerTC	1990.3333333333333	160.66666666666666	5.333333333333333	2	22.333333333333332	15.666666666666666	1013	2000
ChryslerTown and Country	2015.1764705882354	283	6	4	25	17	1013	35130.882352941175
ChryslerVoyager	2002	162.85714285714286	4.857142857142857	4	23.142857142857142	17	1013	20951.428571428572
DodgeAvenger	2012.9	217	4.8	4	29.7	19.9	1851	22825
DodgeCaliber	2010.6875	160.625	4	4	29.625	23.25	1851	18739.0625
DodgeCaravan	2006	167.77777777777777	5.333333333333333	4	24	17	1851	20480.555555555555
DodgeChallenger	2016.090909090909	425.7878787878788	7.636363636363637	2	24.12121212121212	15.242424242424242	1851	39230.454545454544
DodgeCharger	2016.0357142857142	401.42857142857144	7.142857142857143	4	26.607142857142858	16.571428571428573	1851	38835.71428571428
DodgeColt	1993.2	98.3	4	2.8	33.4	26.1	1851	2000
DodgeDakota	2008.7384615384615	217.07692307692307	6.153846153846154	4	19.06153846153846	14.661538461538461	1851	26955.30769230769
DodgeDart	2015.2857142857142	172.57142857142858	4	4	36.04761904761905	24.142857142857142	1851	20150
DodgeDaytona	1991.857142857143	137.64285714285714	4.428571428571429	2	26.714285714285715	18.928571428571427	1851	2000
DodgeDurango	2016.0714285714287	307.57142857142856	6.428571428571429	4	24.714285714285715	17.321428571428573	1851	39512.142857142855
DodgeDynasty	1992	120.5	5	4	24.666666666666668	18.166666666666668	1851	2000
DodgeGrand Caravan	2015.875	283	6	4	25	17	1851	27101.25
DodgeIntrepid	2003	225	6	4	25.375	17.25	1851	23596.25
DodgeJourney	2015.967741935484	240.41935483870967	5.225806451612903	4	24.774193548387096	17.29032258064516	1851	28165.967741935485
DodgeMagnum	2007.0625	304.5625	7.125	4	22.3125	15.3125	1851	30826.875
DodgeMonaco	1991	150	6	4	24	15.666666666666666	1851	2000
DodgeNeon	2003.923076923077	155.07692307692307	4	4	30.53846153846154	23.153846153846153	1851	16448.846153846152
DodgeNitro	2010.25	226.66666666666666	6	4	21.25	15.666666666666666	1851	24705
DodgeOmni	1990	93	4	4	31	22	1851	2000
DodgeRAM 150	1992.05	183	6.8	2	16.05	11.95	1851	2002.275
DodgeRAM 250	1991.88	192.6	7.68	2	14.56	11.32	1851	2022.16
DodgeRam 50 Pickup	1991.6842105263158	121.63157894736842	4.421052631578948	2	21.263157894736842	16.57894736842105	1851	2000
DodgeRam Cargo	2002	195	6.8	3	15.133333333333333	12.733333333333333	1851	20806
DodgeRam Pickup 1500	2008.967741935484	309.6774193548387	7.709677419354839	3.225806451612903	18.258064516129032	13.370967741935484	1851	30622.822580645163
DodgeRam Van	1999.0833333333333	197.08333333333334	6.833333333333333	3	16.5	12.75	1851	2200.5833333333335
DodgeRam Wagon	2000.8	195	6.8	3	14.8	12	1851	14141.6
DodgeRamcharger	1992.090909090909	213.63636363636363	8	2	14.318181818181818	10.863636363636363	1851	2000
DodgeSRT Viper	2013.5	640	10	2	19	12	1851	102515
DodgeShadow	1992.6363636363637	106.9090909090909	4	2.727272727272727	28	21.181818181818183	1851	2000
DodgeSpirit	1993.75	100.5	4	4	26.5	20.25	1851	2000
DodgeStealth	1994.9	234	6	2	22.4	16.7	1851	2617.7
DodgeStratus	2004.5294117647059	181.52941176470588	5.294117647058823	3.2941176470588234	26.11764705882353	19.058823529411764	1851	21531.470588235294
DodgeViper	2016.0714285714287	645	10	2	20.285714285714285	12	1851	99709.28571428571
FIAT124 Spider	2017	160	4	2	35	26	819	26895
FIAT500	2015.8214285714287	116.07142857142857	4	2	36.57142857142857	29.25	819	20449.821428571428
FIAT500L	2015.8461538461538	160	4	4	31.846153846153847	23.846153846153847	819	22120.76923076923
FIAT500X	2016.4	177.33333333333334	4	4	30.533333333333335	21.933333333333334	819	24620.333333333332
FIAT500e	2016		0	2	104.66666666666667	121.33333333333333	819	31800
Ferrari360	2003.076923076923	401.9230769230769	8	2	15	10	2774	161978.53846153847
Ferrari456M	2002	442	12	2	14.5	9	2774	225027.5
Ferrari458 Italia	2014.125	570.75	8	2	17	13	2774	258059.875
Ferrari550	2001	485	12	2	12	8	2774	227170
Ferrari575M	2003	515	12	2	15.5	9	2774	221966.33333333334
Ferrari599	2010	621	12	2	15	11	2774	334449.2
Ferrari612 Scaglietti	2010	532	12	2	16	9	2774	313088
FerrariCalifornia	2013	473	8	2	19	13	2774	197406.66666666666
FerrariCalifornia T	2015	553	8	2	23	16	2774	198973
FerrariEnzo	2003	660	12	2	12	7	2774	643330
FerrariF12 Berlinetta	2014	731	12	2	16	11	2774	317257
FerrariF430	2007.923076923077	483	8	2	16	11	2774	205580.23076923078
FerrariFF	2014	651	12	2	16	11	2774	295000
FerrariSuperamerica	2005	532	12	2	15.5	9	2774	287625
FordAerostar	1996	142.25	6	3	20.75	14.75	5657	2000
FordAspire	1995.857142857143	63	4	2.857142857142857	38	29.857142857142858	5657	2000
FordBronco	1995	196.33333333333334	8	2	16.22222222222222	12.11111111111111	5657	2697
FordBronco II	1990	140	6	2	20	15.5	5657	2000
FordC-Max Hybrid	2016	188	4	4	37	42	5657	25653.333333333332
FordContour	1998.75	130.625	4.25	4	31	20.625	5657	2009.875
FordContour SVT	1999	198.33333333333334	6	4	26.333333333333332	17.333333333333332	5657	2764.6666666666665
FordCrown Victoria	2010	229	8	4	24	16	5657	29671.666666666668
FordE-150	1996.923076923077	183	6	3	16.23076923076923	12	5657	2077.076923076923
FordE-250	1996.8	195.8	6	3	15.4	11.8	5657	2018.7
FordE-Series Van	2013	235	8	3	16.444444444444443	12.666666666666666	5657	29893.61111111111
FordE-Series Wagon	2013	245	8	3	15.333333333333334	11.666666666666666	5657	33477.5
FordEdge	2015.9545454545455	257.72727272727275	4.363636363636363	4	27.954545454545453	19.545454545454547	5657	34236.818181818184
FordEscape	2016	175.27272727272728	4	4	30.2	22.333333333333332	5657	27458.666666666668
FordEscape Hybrid	2010	177	4	4	29	31.833333333333332	5657	32125
FordEscort	2002.2222222222222	125.55555555555556	4	2.4444444444444446	30.88888888888889	22.77777777777778	5657	13867.222222222223
FordExpedition	2016.4444444444443	365	6	4	20.416666666666668	15	5657	56883.36111111111
FordExplorer	2016.0434782608695	305.4347826086956	5.826086956521739	4	23.391304347826086	16.695652173913043	5657	38451.30434782609
FordExplorer Sport	2002.3333333333333	203	6	2	18.77777777777778	14.277777777777779	5657	24422.222222222223
FordExplorer Sport Trac	2008.8148148148148	243.40740740740742	6.814814814814815	4	19.555555555555557	13.592592592592593	5657	30261.11111111111
FordF-150	2016.031746031746	331.87301587301585	6.666666666666667	3.619047619047619	23.317460317460316	16.936507936507937	5657	40747.04761904762
FordF-150 Heritage	2004	210.7	6.6	2.8	18.2	13.9	5657	24145.75
FordF-150 SVT Lightning	1998	320	8	2	15	11.666666666666666	5657	5353
FordF-250	1998	220	8	2.6666666666666665	16.708333333333332	12.458333333333334	5657	3280
FordFestiva	1992	63	4	2	37.666666666666664	30	5657	2000
FordFiesta	2016	131	4	4	35.095238095238095	27.142857142857142	5657	17126.428571428572
FordFive Hundred	2005.875	203	6	4	24.4375	17.9375	5657	25303.75
FordFlex	2016	300	6	4	22.88888888888889	16.333333333333332	5657	36120.833333333336
FordFocus	2016.1	157.8235294117647	3.35	4	47.55	39.25	5657	21790.5
FordFocus RS	2017	350	4	4	25	19	5657	36120
FordFocus ST	2016	252	4	4	31.333333333333332	22.333333333333332	5657	24523.333333333332
FordFreestar	2005.857142857143	199	6	4	21.428571428571427	15.571428571428571	5657	25788.928571428572
FordFreestyle	2005.875	203	6	4	23.5	17.5	5657	27838.75
FordFusion	2016.1176470588234	211.23529411764707	4	4	31.705882352941178	21.41176470588235	5657	28807.941176470587
FordFusion Hybrid	2016.1	188	4	4	41	43.6	5657	29005.5
FordGT	2005.5	550	8	2	19	12	5657	149995
FordLTD Crown Victoria	1990.5384615384614	150	8	4	22	15	5657	2000
FordMustang	2015.9166666666667	360	6.083333333333333	2	27.416666666666668	17.833333333333332	5657	32520.625
FordMustang SVT Cobra	1998	310	8	2	23.333333333333332	15.666666666666666	5657	4041
FordProbe	1995.875	135.25	4.75	2	27.75	21.125	5657	2000
FordRanger	2009.7837837837837	179.32432432432432	5.135135135135135	2.7027027027027026	22.756756756756758	17.91891891891892	5657	21340.135135135137
FordShelby GT350	2016	526	8	2	21	14.333333333333334	5657	55711.666666666664
FordShelby GT500	2013.2	639.6	8	2	23.8	15	5657	55486
FordTaurus	2016	300.8333333333333	6	4	26.11111111111111	17.666666666666668	5657	33592.5
FordTaurus X	2008.5	261.5	6	4	23	15.75	5657	30837.5
FordTempo	1992.8181818181818	104	4.363636363636363	3.272727272727273	29.272727272727273	20.636363636363637	5657	2000
FordThunderbird	2003.75	280	8	2	21.75	15.75	5657	38502.5
FordTransit Connect	2016.0217391304348	169	4	4	28	20.17391304347826	5657	25110.760869565216
FordTransit Wagon	2016	277.9166666666667	6	3	19	14	5657	37716.25
FordWindstar	2002	200	6	3.9444444444444446	21.666666666666668	16	5657	28443.61111111111
FordWindstar Cargo	2002	200	6	3	21.666666666666668	16	5657	20626.666666666668
GMCAcadia	2016.03125	270.09375	5.625	4	23.625	17.0625	549	40086.40625
GMCAcadia Limited	2017	281	6	4	22	15	549	44850
GMCCanyon	2014.4791666666667	239.9375	4.833333333333333	3.8333333333333335	24.895833333333332	18.083333333333332	549	28899.166666666668
GMCEnvoy	2008	291.55555555555554	6.666666666666667	4	19.944444444444443	13.944444444444445	549	33076.666666666664
GMCEnvoy XL	2005.125	285.25	6.5	4	18.125	13.0625	549	33925.9375
GMCEnvoy XUV	2005	275	6	4	17.5	12.5	549	32947.5
GMCJimmy	2000.032258064516	190	6	3.225806451612903	18.838709677419356	14.225806451612904	549	11239.935483870968
GMCRally Wagon	1994.3333333333333	171.66666666666666	6.666666666666667	3	16	12.666666666666666	549	2000
GMCS-15	1990	131.05263157894737	4.947368421052632	2	22.157894736842106	18.157894736842106	549	2000
GMCS-15 Jimmy	1990.6666666666667	153.33333333333334	6	2.6666666666666665	19.77777777777778	14.61111111111111	549	2000
GMCSafari	2004	190	6	3	17.666666666666668	13	549	25105
GMCSafari Cargo	2004	190	6	3	19	14.333333333333334	549	23791.666666666668
GMCSavana	2015.0588235294117	287.05882352941177	8	3	16.647058823529413	11.235294117647058	549	34804.117647058825
GMCSavana Cargo	2014.857142857143	280.35714285714283	7.857142857142857	3	16.857142857142858	11.357142857142858	549	31863.214285714286
GMCSierra 1500	2016	314.55555555555554	6.844444444444444	3.466666666666667	22.72222222222222	16.844444444444445	549	40312.11111111111
GMCSierra 1500 Classic	2007	279.2857142857143	7.714285714285714	3.510204081632653	18.32653061	13.918367346938776	549	27964.79591836735
GMCSierra 1500 Hybrid	2012	332	8	4	23	20	549	45193.333333333336
GMCSierra 1500HD	2006	300	8	4	17	13	549	33126.666666666664
GMCSierra C3	2001	325	8	4	13	10	549	38370
GMCSierra Classic 1500	1999	200	8	3	16.5	12.5	549	4567
GMCSonoma	2002.5	147.22222222222223	4.777777777777778	2.6666666666666665	21.61111111111111	16.22222222222222	549	18098.11111111111
GMCSuburban	1998.1666666666667	255	8	4	16.666666666666668	11.833333333333334	549	2947.6666666666665
GMCSyclone	1991	280	6	2	16	13	549	5667
GMCTerrain	2015.9310344827586	182	4	4	30.344827586206897	20.93103448275862	549	30442.58620689655
GMCTyphoon	1992.5	285	6	2	17	13.5	549	6392.5
GMCVandura	1994.4545454545455	174.54545454545453	6.181818181818182	3	19.181818181818183	14.545454545454545	549	2000
GMCYukon	2016	376.6666666666667	8	4	22.055555555555557	15.61111111111111	549	58270.555555555555
GMCYukon Denali	2000	255	8	4	15	11	549	3949
GMCYukon Hybrid	2012	332	8	4	23	20	549	57979.583333333336
GMCYukon XL	2016	376.6666666666667	8	4	21.944444444444443	15.166666666666666	549	60970.555555555555
GenesisG80	2017	347.3333333333333	6.666666666666667	4	25.333333333333332	16.333333333333332	21	46616.666666666664
HUMMERH3	2009.1	258.5	5.9	4	17.4	13.5	130	37749
HUMMERH3T	2009.7142857142858	265.14285714285717	6.285714285714286	4	17.142857142857142	13.571428571428571	130	34629.28571428572
HondaAccord	2016.0933333333332	211.57333333333332	4.56	3.0933333333333333	33.946666666666665	24.08	2202	27886.066666666666
HondaAccord Crosstour	2010.5	271	6	4	26.4	17.8	2202	33610
HondaAccord Hybrid	2015.3333333333333	201	4	4	45.666666666666664	49.666666666666664	2202	32316.11111111111
HondaAccord Plug-In Hybrid	2014	196	4	4	46	47	2202	39780
HondaCR-V	2015.0625	185	4	4	32	24.875	2202	27968.4375
HondaCR-Z	2015	130	4	2	38.5	33.5	2202	22288.88888888889
HondaCivic	2015.985294117647	162.02941176470588	4	3.323529411764706	39.455882352941174	30.16176470588235	2202	22517.941176470587
HondaCivic CRX	1990.5	87.33333333333333	4	2	35.5	29	2202	2000
HondaCivic del Sol	1996	130.11111111111111	4	2	31.77777777777778	25.88888888888889	2202	2136.4444444444443
HondaCrosstour	2014	245.75	5.25	4	29.875	20.5	2202	33063.75
HondaElement	2009.7142857142858	166	4	4	24.428571428571427	19.428571428571427	2202	23145.95238095238
HondaFit	2016	130	4	4	37.833333333333336	31.166666666666668	2202	18338.333333333332
HondaFit EV	2013.5		0	4	105	132	2202	36625
HondaHR-V	2016.5	141	4	4	33.125	26.875	2202	22315
HondaInsight	2012.8	98	4	4	44	41	2202	21192.5
HondaOdyssey	2015.5333333333333	248	6	4	28	19	2202	36879
HondaPassport	2001.2	205	6	4	19.2	14.95	2202	22185.7
HondaPilot	2016.0625	271.25	6	4	25.895833333333332	18.3125	2202	36904.166666666664
HondaPrelude	2000.142857142857	199.28571428571428	4	2	24.571428571428573	19.857142857142858	2202	12568.857142857143
HondaRidgeline	2015.3478260869565	265.6521739130435	6	4	23.304347826086957	16.782608695652176	2202	34248.69565217391
HondaS2000	2008.2857142857142	237	4	2	24.857142857142858	18	2202	36019.28571428572
HyundaiAccent	2015	137.33333333333334	4	4	37.5	26.666666666666668	1439	15911.666666666666
HyundaiAzera	2016	293	6	4	28.333333333333332	19.5	1439	36500
HyundaiElantra	2016.0833333333333	155.875	4	4	36.291666666666664	26.625	1439	20437.5
HyundaiElantra Coupe	2013.25	152.625	4	2	36.5	26.5	1439	19458.75
HyundaiElantra GT	2016	173	4	4	32.833333333333336	24	1439	19300
HyundaiElantra Touring	2011	138	4	4	30.5	23	1439	18161.666666666668
HyundaiEntourage	2007.4	245.2	6	4	23	16	1439	26615
HyundaiEquus	2015	429	8	4	23	15	1439	65041.666666666664
HyundaiExcel	1992.909090909091	81	4	2.909090909090909	31.90909090909091	24.727272727272727	1439	2000
HyundaiGenesis	2015.125	355.75	6.75	4	25.5	16.375	1439	43306.25
HyundaiGenesis Coupe	2014.8333333333333	335.6666666666667	5.666666666666667	2	24.88888888888889	16.444444444444443	1439	30577.777777777777
HyundaiSanta Fe	2016.111111111111	290	6	4	23.833333333333332	17.666666666666668	1439	35030.555555555555
HyundaiSanta Fe Sport	2016	236.625	4	4	25.9375	19.25	1439	30525
HyundaiScoupe	1994	99.66666666666667	4	2	30.88888888888889	23.22222222222222	1439	2000
HyundaiSonata	2015.9722222222222	200.86111111111111	4	4	34.888888888888886	24.36111111111111	1439	25707.63888888889
HyundaiSonata Hybrid	2016.125	194.5	4	4	42.625	38.125	1439	28487.5
HyundaiTiburon	2006.95	161.8	5.4	2	25	17.95	1439	19910
HyundaiTucson	2016	173.83333333333334	4	4	28.375	23	1439	25970.833333333332
HyundaiVeloster	2014.9	165	4	3	34.2	26.033333333333335	1439	20928.333333333332
HyundaiVeracruz	2011	260	6	4	21.833333333333332	16.5	1439	32220
HyundaiXG300	2001	192	6	4	25	17	1439	24249
HyundaiXG350	2004	194	6	4	24	15.333333333333334	1439	25099
InfinitiEX	2012	306.3333333333333	6	4	24.166666666666668	17	190	37808.333333333336
InfinitiEX35	2009	297	6	4	23.5	16.5	190	35191.666666666664
InfinitiFX	2012.090909090909	332.72727272727275	6.545454545454546	4	21.545454545454547	15.545454545454545	190	50104.545454545456
InfinitiFX35	2009	293.6666666666667	6	4	21.666666666666668	15.666666666666666	190	41750
InfinitiFX45	2007	320	8	4	17	13	190	49900
InfinitiFX50	2009.5	390	8	4	20	14	190	58700
InfinitiG Convertible	2012	327.25	6	2	24.625	16.625	190	51750
InfinitiG Coupe	2011.9411764705883	336.3529411764706	6	2	25.941176470588236	18.11764705882353	190	44408.82352941176
InfinitiG Sedan	2011.695652173913	299.30434782608694	6	4	26.47826086956522	18.608695652173914	190	38393.47826086957
InfinitiG20	2001	145	4	4	28	20.625	190	17608.75
InfinitiG35	2006.9375	297.375	6	3.5	23.625	16.875	190	32884.375
InfinitiG37	2008.7692307692307	328.61538461538464	6	2.6153846153846154	25.153846153846153	17.53846153846154	190	36900
InfinitiG37 Convertible	2010	325	6	2	24.666666666666668	16.666666666666668	190	48733.333333333336
InfinitiG37 Coupe	2010	330	6	2	26.2	18.4	190	40730
InfinitiG37 Sedan	2010	328	6	4	26	18.333333333333332	190	37941.666666666664
InfinitiI30	2000	214.66666666666666	6	4	24.5	17.5	190	11904.333333333334
InfinitiI35	2003	255	6	4	24	17	190	29483.333333333332
InfinitiJ30	1996.4285714285713	210	6	4	22	16	190	2027.7142857142858
InfinitiJX	2013	265	6	4	23.5	18	190	41950
InfinitiM	2012.5	372	6.8	4	25.8	18.8	190	55135
InfinitiM30	1991.2	162	6	2	23	17	190	2000
InfinitiM35	2009	289	6	4	23.166666666666668	16.333333333333332	190	46175
InfinitiM37	2011	330	6	4	25	17.5	190	48125
InfinitiM45	2009	325	8	4	20.5	15	190	52766.666666666664
InfinitiM56	2011	420	8	4	24	16	190	59700
InfinitiQ40	2015	328	6	4	26	18.5	190	34750
InfinitiQ45	2004.75	340	8	4	22	15.75	190	57125
InfinitiQ50	2016.111111111111	303.55555555555554	5.444444444444445	4	29.38888888888889	22.083333333333332	190	43130.555555555555
InfinitiQ60 Convertible	2014.5	331	6	2	25.333333333333332	17.333333333333332	190	54683.333333333336
InfinitiQ60 Coupe	2015.611111111111	309.3333333333333	5.555555555555555	2	26.77777777777778	19.055555555555557	190	45647.22222222222
InfinitiQ70	2015.1739130434783	372.69565217391306	6.869565217391305	4	25.52173913043478	18.434782608695652	190	57760.86956521739
InfinitiQX	2012.5	400	8	4	20	14	190	62225
InfinitiQX4	2002	240	6	4	17.833333333333332	13.833333333333334	190	35050
InfinitiQX50	2015.75	325	6	4	24.25	17	190	36025
InfinitiQX56	2010	346.6666666666667	8	4	18.333333333333332	12.666666666666666	190	58150
InfinitiQX60	2015.8	261	5.2	4	27.1	22.1	190	45890
InfinitiQX70	2016	325	6	4	23	16.5	190	46633.333333333336
InfinitiQX80	2015.142857142857	400	8	4	19.714285714285715	13.714285714285714	190	68078.57142857143
KiaAmanti	2008	264	6	4	24	17	1720	25678.333333333332
KiaBorrego	2009	309.8888888888889	7.111111111111111	4	20.88888888888889	15.666666666666666	1720	31722.777777777777
KiaCadenza	2016.125	291.875	6	4	28	19.375	1720	38392.5
KiaForte	2015.9285714285713	175.25	4	3.5	33.107142857142854	24.214285714285715	1720	19895
KiaK900	2015.6	376.4	7.2	4	24.2	15.8	1720	56040
KiaOptima	2014.8823529411766	216.7058823529412	4	4	34.11764705882353	24.058823529411764	1720	27312.352941176472
KiaOptima Hybrid	2016	196.66666666666666	4	4	41.666666666666664	36.666666666666664	1720	28885.833333333332
KiaRio	2015.904761904762	138	4	4	36.76190476190476	27	1720	16810.238095238095
KiaRondo	2008	173.93333333333334	4.8	4	26.066666666666666	18.8	1720	18948.333333333332
KiaSedona	2016	276	6	4	23.8	17.8	1720	32976.666666666664
KiaSephia	2000.25	125	4	4	27.5	20.5	1720	7066.25
KiaSorento	2016.078947368421	260.3157894736842	5.2631578947368425	4	25.44736842105263	18.68421052631579	1720	33765.26315789474
KiaSoul	2015	147	4	4	30.5	23.666666666666668	1720	18046.666666666668
KiaSoul EV	2015.6		0	4	92	120	1720	34250
KiaSpectra	2008.0434782608695	138	4	4	30.956521739130434	23.347826086956523	1720	15726.739130434782
KiaSportage	2016	205.38888888888889	4	4	26.333333333333332	20.27777777777778	1720	26725.555555555555
LamborghiniAventador	2015	715	12	2	17.25	10.583333333333334	1158	470050
LamborghiniDiablo	2001	550	12	2	12	9	1158	294900
LamborghiniGallardo	2013.28	560.8	10	2	20	12.84	1158	219844
LamborghiniHuracan	2015.75	602.5	10	2	20.5	14	1158	234475
LamborghiniMurcielago	2008.6666666666667	635.7777777777778	12	2	13.555555555555555	8.555555555555555	1158	374666.6666666667
LamborghiniReventon	2008	650	12	2	14	9	1158	1500000
Land RoverDefender	1995.75	182	8	2	14.5	12	258	33761.25
Land RoverDiscovery	2003.5	217	8	4	14	11	258	37791.666666666664
Land RoverDiscovery Series II	2001.1666666666667	188	8	4	16	12	258	29518.5
Land RoverDiscovery Sport	2016	240	4	4	25.666666666666668	20	258	41784.444444444445
Land RoverFreelander	2003.7777777777778	174	6	3.3333333333333335	19	15.555555555555555	258	27149.444444444445
Land RoverLR2	2014	240	4	4	24	17	258	39066.666666666664
Land RoverLR3	2008.3333333333333	300	8	4	17	12	258	49508.333333333336
Land RoverLR4	2014.9	340	6	4	19	14.3	258	56607.9
Land RoverRange Rover	2014.8285714285714	449.0857142857143	7.314285714285714	4	20.714285714285715	14.8	258	118229.57142857143
Land RoverRange Rover Evoque	2015.8214285714287	240	4	3.4285714285714284	29.642857142857142	20.928571428571427	258	50522.32142857143
Land RoverRange Rover Sport	2015.0416666666667	428.25	7.083333333333333	4	21.333333333333332	15.791666666666666	258	80022.70833333333
LexusCT 200h	2016	134	4	4	40	43	454	31566.666666666668
LexusES 250	1990.5	156	6	4	23.5	17	454	2000
LexusES 300	2002	210	6	4	26	17.666666666666668	454	31578.333333333332
LexusES 300h	2016	200	4	4	39	40	454	41140
LexusES 330	2005	222.66666666666666	6	4	27	18	454	32066.666666666668
LexusES 350	2015.75	268	6	4	30.75	21	454	38785
LexusGS 200t	2016.5	241	4	4	31.25	21.5	454	49797.5
LexusGS 300	2005.25	232.5	6	4	24.5	17.5	454	41500
LexusGS 350	2016	309.1818181818182	6	4	27.272727272727273	19.181818181818183	454	52623.63636363636
LexusGS 400	1999	300	8	4	21.666666666666668	15.666666666666666	454	3749.3333333333335
LexusGS 430	2006	296.6666666666667	8	4	22.666666666666668	16	454	50575
LexusGS 450h	2015	338	6	4	34	29	454	61613.333333333336
LexusGS 460	2010	342	8	4	24	17	454	54303.333333333336
LexusGS F	2016	467	8	4	24	16	454	84440
LexusGX 460	2016	301	8	4	19.333333333333332	15	454	56299.166666666664
LexusGX 470	2008	263	8	4	18	14	454	47188.333333333336
LexusHS 250h	2011	187	4	4	34	35	454	37388.333333333336
LexusIS 200t	2016.5	241	4	4	32.5	22	454	37575
LexusIS 250	2014.25	204	6	4	28.5	20.625	454	38511.25
LexusIS 250 C	2014	204	6	2	30	21	454	42943.333333333336
LexusIS 300	2009.6	231	6	4	24.2	17.2	454	34369
LexusIS 350	2015	306	6	4	27	19	454	41289.166666666664
LexusIS 350 C	2014	306	6	2	27	19	454	47223.333333333336
LexusIS F	2013	416	8	4	23	16	454	62216.666666666664
LexusLFA	2012	552	10	2	16	11	454	375000
LexusLS 400	1999	290	8	4	23	16.333333333333332	454	4599.333333333333
LexusLS 430	2005	286	8	4	23	16	454	56041.666666666664
LexusLS 460	2015.857142857143	372.85714285714283	8	4	23.5	16	454	78523.57142857143
LexusLS 600h L	2015	438	8	4	23	19	454	120313.33333333333
LexusLX 450	1996.5	212	6	4	14	12	454	3974.5
LexusLX 470	2006	259.3333333333333	8	4	15.333333333333334	12	454	66671.66666666667
LexusLX 570	2016	383	8	4	17.666666666666668	12.666666666666666	454	87146.66666666667
LexusNX 200t	2016	235	4	4	27.833333333333332	21.833333333333332	454	36593.333333333336
LexusNX 300h	2015.8	194	4	4	30.4	33.8	454	40356
LexusRC 200t	2016.5	241	4	2	32	22	454	40075
LexusRC 300	2016.5	255	6	2	26	19	454	42690
LexusRC 350	2016	306	6	2	27	19	454	43965.833333333336
LexusRC F	2016	467	8	2	25	16	454	63123.333333333336
LexusRX 300	2002	220	6	4	21	16.5	454	35228.333333333336
LexusRX 330	2005	227.66666666666666	6	4	22.666666666666668	16.5	454	36590
LexusRX 350	2016	285.90909090909093	6	4	26.09090909090909	18.90909090909091	454	45752.27272727273
LexusRX 400h	2007	268	6	4	24.666666666666668	27.166666666666668	454	43340
LexusRX 450h	2016	304.2857142857143	6	4	28.285714285714285	30.714285714285715	454	52726.42857142857
LexusSC 300	1999	225	6	2	22	17	454	3633.3333333333335
LexusSC 400	1999	290	8	2	23	16.333333333333332	454	3959
LexusSC 430	2009	288	8	2	23	16	454	67188.33333333333
LincolnAviator	2003.8	302	8	4	16.7	11.8	61	42543
LincolnBlackwood	2002	300	8	4	15	11	61	51785
LincolnContinental	2011.1538461538462	288.3333333333333	6.769230769230769	4	24.53846153846154	16.23076923076923	61	47855
LincolnLS	2004.6363636363637	253.8181818181818	6.909090909090909	4	23.363636363636363	16.363636363636363	61	37970.454545454544
LincolnMKC	2016.2	240	4	4	27.1	19.7	61	40209.5
LincolnMKS	2015	334.77777777777777	6	4	25.77777777777778	17.555555555555557	61	41898.333333333336
LincolnMKT	2016	334	6	4	23	15.833333333333334	61	44950.833333333336
LincolnMKX	2016.3333333333333	303.22222222222223	6	4	24.944444444444443	16.833333333333332	61	45255.555555555555
LincolnMKZ	2016.25	228	4	4	33.333333333333336	27.833333333333332	61	40691.25
LincolnMKZ Hybrid	2011	191	4	4	36	41	61	34645
LincolnMark LT	2007.2	300	8	4	16.4	12.3	61	40147.5
LincolnMark VII	1991	225	8	2	22	15	61	2000
LincolnMark VIII	1997	281.6666666666667	8	2	24	15.666666666666666	61	2223.6666666666665
LincolnNavigator	2016.2	377	6	4	20.15	15.15	61	68917.5
LincolnTown Car	2010.25	239	8	4	24	16	61	49718.75
LincolnZephyr	2006	221	6	4	26	17	61	28995
LotusElise	2010	203.25	4	2	26.5	20.5	613	51657.5
LotusEsprit	2003	350	8	2	21	14	613	91291.66666666667
LotusEvora	2013	303.6	6	2	26.1	17.6	613	71776
LotusEvora 400	2017	400	6	2	39	21	613	91900
LotusExige	2010.1666666666667	248.5	4	2	26	20	613	69627.5
MaseratiCoupe	2005	388.3333333333333	8	2	16.166666666666668	10.666666666666666	238	83862.33333333333
MaseratiGhibli	2016.125	381.875	6	4	24.25	16	238	75175
MaseratiGranSport	2005.75	399.5	8	2	17.5	11	238	100266.5
MaseratiGranTurismo	2015.125	454	8	2	21	13	238	145993
MaseratiGranTurismo Convertible	2015.090909090909	451.27272727272725	8	2	20	13	238	155824.36363636365
MaseratiLevante	2017	384.5	6	4	19.5	14	238	77500
MaseratiQuattroporte	2016.4615384615386	440.61538461538464	6.615384615384615	4	22.76923076923077	15.461538461538462	238	119415.38461538461
MaseratiSpyder	2004	388.3333333333333	8	2	15.5	10.166666666666666	238	88165.83333333333
Maybach57	2010.857142857143	586.2857142857143	12	4	16	10	67	401357.14285714284
Maybach62	2010.857142857143	586.2857142857143	12	4	16	10	67	452471.4285714286
MaybachLandaulet	2011.5	620	12	4	16	10	67	1381375
Mazda2	2013	100	4	4	34.5	28.5	586	15821.666666666666
Mazda3	2015.8301886792453	165.9433962264151	4	4	38.471698113207545	28.056603773584907	586	22195
Mazda323	1992.8	82	4	2	32.8	24.8	586	2000
Mazda5	2013.909090909091	157	4	4	28	21.545454545454547	586	22183.636363636364
Mazda6	2016	184	4	4	36.733333333333334	25.6	586	24761.333333333332
Mazda626	2000.909090909091	148.63636363636363	5.090909090909091	4	26.09090909090909	20.09090909090909	586	13786.818181818182
Mazda929	1994	193.66666666666666	6	4	22	17	586	2000
MazdaB-Series	2001	152.46153846153845	5.384615384615385	2.4615384615384617	21.615384615384617	16.53846153846154	586	16712.69230769231
MazdaB-Series Pickup	1999.075	142.225	5.4	2.7	21.25	16.525	586	2984.975
MazdaB-Series Truck	2007.6363636363637	173.45454545454547	5.454545454545454	3.272727272727273	21.09090909090909	16.727272727272727	586	20608.636363636364
MazdaCX-3	2016.5	146	4	4	33.25	28	586	22928.333333333332
MazdaCX-5	2015.2413793103449	176	4	4	31.79310344827586	25.03448275862069	586	25403.96551724138
MazdaCX-7	2011.05	210.8	4	4	24.85	18.5	586	27214.5
MazdaCX-9	2015.0526315789473	256.05263157894734	5.2631578947368425	4	24.63157894736842	18.31578947368421	586	34961.84210526316
MazdaMPV	2005.125	200	6	4	23	16	586	24888.75
MazdaMX-3	1993.6666666666667	109	5	2	29.666666666666668	22.333333333333332	586	2000
MazdaMX-5 Miata	2014.857142857143	160.89285714285714	4	2	29.5	22.357142857142858	586	28300.535714285714
MazdaMX-6	1996	143.71428571428572	5.142857142857143	2	27	20.142857142857142	586	2000
MazdaMazdaspeed 3	2012	263	4	4	25	18	586	23966.666666666668
MazdaMazdaspeed 6	2006.5	274	4	4	23	17	586	28960
MazdaMazdaspeed MX-5 Miata	2004.6666666666667	178	4	2	24	18	586	26030
MazdaMazdaspeed Protege	2003	170	4	4	27	21	586	20230
MazdaMillenia	2001.111111111111	192.22222222222223	6	4	24.555555555555557	17	586	20622.88888888889
MazdaNavajo	1993	158.33333333333334	6	2	19.833333333333332	15	586	2000
MazdaProtege	2001.8181818181818	126	4	4	28.545454545454547	22.545454545454547	586	14788.636363636364
MazdaProtege5	2002.5	130	4	4	28	22	586	16675
MazdaRX-7	1994	255		2	23	15	586	8169.666666666667
MazdaRX-8	2009.8823529411766	223.76470588235293		4	22.41176470588235	16	586	29727.647058823528
MazdaTribute	2009.8709677419354	193.25806451612902	4.645161290322581	4	26.225806451612904	19.64516129032258	586	24722.74193548387
MazdaTribute Hybrid	2008.5	155	4	4	28.75	31.5	586	29462.5
MazdaTruck	2002.6	168.6	5.6	2.6666666666666665	20.733333333333334	16.733333333333334	586	18810.666666666668
McLaren570S	2016	562	8	2	23	16	416	184900
McLaren650S Coupe	2015	641	8	2	22	16	416	265500
McLaren650S Spider	2015	641	8	2	22	16	416	280225
McLarenMP4-12C	2012.5	604	8	2	22	15	416	234200
Mercedes-Benz190-Class	1992	144	5	4	25.5	17.5	617	2000
Mercedes-Benz300-Class	1991.9655172413793	182.79310344827587	5.896551724137931	3.586206896551724	21.413793103448278	16.344827586206897	617	2385.5862068965516
Mercedes-Benz350-Class	1990.5	134	6	4	23	19	617	2182.75
Mercedes-Benz400-Class	1992.5	275	8	4	18.75	14	617	2398.25
Mercedes-Benz420-Class	1990.5	201	8	4	17	14	617	2093
Mercedes-Benz500-Class	1992.375	318.5	8	3	16.75	12.75	617	3643.625
Mercedes-Benz560-Class	1990.5	238	8	3	16	12	617	2310
Mercedes-Benz600-Class	1992.75	392.25	12	3	15	11	617	3475.5
Mercedes-BenzAMG GT	2016.6666666666667	487.3333333333333	8	2	22	16	617	124100
Mercedes-BenzB-Class Electric Drive	2016	177	0	4	82	85	617	40933.333333333336
Mercedes-BenzC-Class	2016.054054054054	310.7837837837838	5.243243243243243	3.4594594594594597	29.405405405405407	21.72972972972973	617	49298.37837837838
Mercedes-BenzC36 AMG	1996	273.3333333333333	6	4	20.666666666666668	16	617	3960.3333333333335
Mercedes-BenzC43 AMG	1999	302	8	4	21	16	617	4957.333333333333
Mercedes-BenzCL-Class	2013	524	10	2	20.5	13.5	617	160483.33333333334
Mercedes-BenzCLA-Class	2016	261.44444444444446	4	4	33.666666666666664	24.22222222222222	617	38427.77777777778
Mercedes-BenzCLK-Class	2007.9333333333334	356.6666666666667	7.2	2	22.333333333333332	15.2	617	65133.333333333336
Mercedes-BenzCLS-Class	2015.8461538461538	419.9230769230769	7.384615384615385	4	25.53846153846154	17.692307692307693	617	80448.46153846153
Mercedes-BenzE-Class	2015.7551020408164	326.46938775510205	5.959183673469388	3.3877551020408165	29.367346938775512	20.67346939	617	61857.142857142855
Mercedes-BenzE55 AMG	1999.5	349	8	4	21	15	617	5999
Mercedes-BenzG-Class	2015.6	503.6	8.8	4	14	12	617	146040
Mercedes-BenzGL-Class	2015	395.25	7.166666666666667	4	20.333333333333332	15.25	617	84225.83333333333
Mercedes-BenzGLA-Class	2016	261.44444444444446	4	4	31.555555555555557	23.555555555555557	617	38564.444444444445
Mercedes-BenzGLC-Class	2016.5	241	4	4	28	21.5	617	40050
Mercedes-BenzGLE-Class	2016.4545454545455	392.8181818181818	6.545454545454546	4	21.181818181818183	16.454545454545453	617	73775.45454545454
Mercedes-BenzGLE-Class Coupe	2016.5	469.5	7	4	20.5	15.5	617	88675
Mercedes-BenzGLK-Class	2014	268	5.333333333333333	4	27.444444444444443	20.555555555555557	617	38656.666666666664
Mercedes-BenzGLS-Class	2017	462.6666666666667	7.333333333333333	4	19	14.666666666666666	617	95550
Mercedes-BenzM-Class	2014	355.64285714285717	6.533333333333333	4	22.333333333333332	16.866666666666667	617	61332
Mercedes-BenzML55 AMG	2000	342	8	4	16	12	617	5650
Mercedes-BenzMaybach	2016.5	523	12	4	20.5	13	617	190325
Mercedes-BenzMetris	2016	208	4	3.5	23.5	20.5	617	30725
Mercedes-BenzR-Class	2011	244.66666666666666	6	4	21.666666666666668	16.5	617	51435
Mercedes-BenzS-Class	2016	533.25	9.5	3.25	23	14.75	617	157420.83333333334
Mercedes-BenzSL-Class	2016	493.4166666666667	8.5	2	24.416666666666668	16.75	617	140150
Mercedes-BenzSLC-Class	2017	301.5	5	2	30.5	22.5	617	54125
Mercedes-BenzSLK-Class	2015	310.55555555555554	6	2	29.666666666666668	21	617	57769.444444444445
Mercedes-BenzSLR McLaren	2008	625	8	2	16	11.666666666666666	617	490000
Mercedes-BenzSLS AMG	2011.6666666666667	563	8	2	20	14	617	189566.66666666666
Mercedes-BenzSLS AMG GT	2013.6	590.8	8	2	18.6	13	617	218000
Mercedes-BenzSLS AMG GT Final Edition	2015	583	8	2	19	13	617	224830
Mitsubishi3000GT	1998	233	6	2	22.333333333333332	16.666666666666668	436	5035.777777777777
MitsubishiDiamante	2003	206.66666666666666	6	4	23	15.666666666666666	436	26901
MitsubishiEclipse	2011	191.42857142857142	4.571428571428571	2	26.928571428571427	19	436	23967.571428571428
MitsubishiEclipse Spyder	2011.142857142857	206.14285714285714	4.857142857142857	2	25.571428571428573	18.142857142857142	436	29984.714285714286
MitsubishiEndeavor	2009.5	225	6	4	20.4	15	436	29689
MitsubishiExpo	1993.642857142857	132.71428571428572	4	3.142857142857143	24.142857142857142	18.5	436	2000
MitsubishiGalant	2011	160	4	4	30	21	436	22899
MitsubishiLancer	2015.9444444444443	165.16666666666666	4	4	31.333333333333332	23.444444444444443	436	20756.11111111111
MitsubishiLancer Evolution	2014.142857142857	292.7142857142857	4	4	22.571428571428573	17	436	36752.142857142855
MitsubishiLancer Sportback	2013	158	4	4	30.5	23	436	20045
MitsubishiMighty Max Pickup	1994.6	123	4.4	2	22.4	17.4	436	2000
MitsubishiMirage	2015.4285714285713	75.42857142857143	3	4	42.785714285714285	35.57142857142857	436	14470
MitsubishiMirage G4	2017	78	3	4	41.333333333333336	34.333333333333336	436	15395
MitsubishiMontero	2005	215	6	4	17.333333333333332	13	436	35652.333333333336
MitsubishiMontero Sport	2002.8	184.2	6	4	19	14.9	436	27504.4
MitsubishiOutlander	2016.1666666666667	175.66666666666666	4.333333333333333	4	29.555555555555557	23.833333333333332	436	25939.444444444445
MitsubishiOutlander Sport	2015.9642857142858	160.14285714285714	4	4	28.428571428571427	23.071428571428573	436	23059.285714285714
MitsubishiPrecis	1992	81	4	2	30	25	436	2000
MitsubishiRaider	2007.8	213.33333333333334	6.266666666666667	4	19.466666666666665	14.733333333333333	436	24838
MitsubishiSigma	1990	142	6	4	20	16	436	2000
MitsubishiVanwagon	1990	107	4	3	19.5	17	436	2000
Mitsubishii-MiEV	2015.6666666666667	66		4	100	124.33333333333333	436	22995
Nissan200SX	1997	123.33333333333333	4	2	33.111111111111114	23.77777777777778	2009	2008.111111111111
Nissan240SX	1997.125	155	4	2	25.625	19.375	2009	4066.375
Nissan300ZX	1995	241.5	6	2	22	16.5	2009	2968.5833333333335
Nissan350Z	2007.764705882353	306	6	2	24.029411764705884	17.294117647058822	2009	36442.35294117647
Nissan370Z	2016	336.2352941176471	6	2	25.58823529411765	18.235294117647058	2009	40654.117647058825
NissanAltima	2015.9583333333333	218.04166666666666	4.833333333333333	4	35.75	24.875	2009	26956.25
NissanAltima Hybrid	2010	184.66666666666666	4	4	33	34.333333333333336	2009	26743.333333333332
NissanArmada	2015.3	338.9	8	4	18.5	12.8	2009	48204
NissanAxxess	1990	138	4	3	22	17.5	2009	2000
NissanCube	2012.9	122	4	4	30.6	26.2	2009	17500
NissanFrontier	2015.921052631579	243.78947368421052	5.684210526315789	4	21.723684210526315	15.960526315789474	2009	27461.71052631579
NissanGT-R	2015.625	561.25	6	2	22.5	16	2009	119030
NissanJuke	2016	193	4	4	31.233333333333334	26.6	2009	25124.666666666668
NissanLeaf	2015		0	4	101	125.6	2009	32423
NissanMaxima	2016.0833333333333	298.3333333333333	6	4	29.333333333333332	21.083333333333332	2009	35799.166666666664
NissanMurano	2016	258.57142857142856	5.714285714285714	4	28.357142857142858	21.857142857142858	2009	36381.42857142857
NissanMurano CrossCabriolet	2013	265	6	2	22	17	2009	43691.666666666664
NissanNV200	2016	131	4	4	26	24	2009	21436.666666666668
NissanNX	1992	125	4	2	31.333333333333332	22.166666666666668	2009	2000
NissanPathfinder	2015.857142857143	266.85714285714283	6	4	26.5	19.5	2009	35520
NissanPulsar	1990	90	4	2	31	23	2009	2000
NissanQuest	2015	260	6	4	26.333333333333332	19.666666666666668	2009	33443.333333333336
NissanRogue	2015.9	170	4	4	32.5	25.5	2009	26121
NissanRogue Select	2014.5	170	4	4	27.5	22.5	2009	20825
NissanSentra	2016.0526315789473	134.8421052631579	4	4	37.26315789473684	28.736842105263158	2009	19146.842105263157
NissanStanza	1991.142857142857	138	4	4	25.857142857142858	18.857142857142858	2009	2000
NissanTitan	2015.1142857142856	335.77142857142854	8	4	18.314285714285713	13.085714285714285	2009	37958
NissanTruck	1995.9130434782608	137.30434782608697	4.3478260869565215	2	20.869565217391305	17	2009	2390.1304347826085
NissanVan	1990	106	4	3	19.5	15.5	2009	2000
NissanVersa	2015.9375	109	4	4	38.125	29.3125	2009	14660.625
NissanVersa Note	2015.8125	109	4	4	39.25	30.5	2009	16834.375
NissanXterra	2014	261	6	4	20.571428571428573	15.476190476190476	2009	26980.47619047619
OldsmobileAchieva	1996.8	150	4.4	3.2	29	19.2	26	2000
OldsmobileAlero	2003	155	5	3	28.666666666666668	19.5	26	20626.25
OldsmobileAurora	2001.8	236	7.2	4	24.2	15.8	26	33367.6
OldsmobileBravada	2002.857142857143	272.85714285714283	6	4	19.428571428571427	13.857142857142858	26	34021.42857142857
OldsmobileCiera	1995.6666666666667	146.66666666666666	5.333333333333333	4	27	18.666666666666668	26	2000
OldsmobileCustom Cruiser	1991	160	8	4	22.666666666666668	15	26	2000
OldsmobileCutlass	1998	153.33333333333334	6	4	26.333333333333332	17.333333333333332	26	2045.3333333333333
OldsmobileCutlass Calais	1990.5	140	4	3	29.875	19.625	26	2000
OldsmobileCutlass Ciera	1993	145	5.166666666666667	4	26.416666666666668	18.25	26	2000
OldsmobileCutlass Supreme	1995.857142857143	160	6	2.857142857142857	26	17.571428571428573	26	2000
OldsmobileEighty-Eight	1998.142857142857	205	6	4	26.714285714285715	17	26	2105
OldsmobileEighty-Eight Royale	1994.2	186	6	4	26	17	26	2000
OldsmobileIntrigue	2001	215	6	4	26.333333333333332	17.333333333333332	26	17359.666666666668
OldsmobileLSS	1998	220.83333333333334	6	4	25.666666666666668	16.5	26	2330
OldsmobileNinety-Eight	1994.5714285714287	195.71428571428572	6	4	25.428571428571427	16.714285714285715	26	2000
OldsmobileRegency	1997.5	205	6	4	26.5	17	26	2042
OldsmobileSilhouette	2003	185	6	4	23.2	16.6	26	32803.666666666664
OldsmobileToronado	1991	168.33333333333334	6	2	24	16	26	2000
PlymouthAcclaim	1994	102	4	4	26.666666666666668	20	535	2000
PlymouthBreeze	1998.8	132	4	4	33.2	23	535	2000
PlymouthColt	1993.1052631578948	108.89473684210526	4	3.3684210526315788	29.473684210526315	23.105263157894736	535	2000
PlymouthGrand Voyager	1998.875	155	6	4	22.75	16.375	535	2135.875
PlymouthHorizon	1990	93	4	4	31	22	535	2000
PlymouthLaser	1993	154.25	4	2	26	19.25	535	2000
PlymouthNeon	1999.4444444444443	138	4	3.3333333333333335	34.22222222222222	24	535	3195.4444444444443
PlymouthProwler	2000	253	6	2	21	15	535	28543.666666666668
PlymouthSundance	1992.857142857143	96	4	3	28.857142857142858	22.142857142857142	535	2000
PlymouthVoyager	1998.875	153	5.25	3.625	23.375	17	535	2075.125
Pontiac6000	1990.375	132.5	5.5	4	27.625	17.625	210	2000
PontiacAztek	2004	185	6	4	23	16.5	210	22688.333333333332
PontiacBonneville	2004	224.44444444444446	6.444444444444445	4	25.666666666666668	16.88888888888889	210	30752.777777777777
PontiacFirebird	2001	265	7.2	2	25.066666666666666	16.2	210	19644.4
PontiacG3	2009	106	4	4	34	27	210	14335
PontiacG5	2008	158.33333333333334	4	2	33.166666666666664	23.333333333333332	210	17664.166666666668
PontiacG6	2008.7272727272727	210.5909090909091	5.363636363636363	3.090909090909091	27.40909090909091	18.59090909090909	210	25019.772727272728
PontiacG8	2008.6	328.6	7.2	4	23.6	15.4	210	30767
PontiacGTO	2005	383.3333333333333	8	2	19.333333333333332	14.333333333333334	210	31793.333333333332
PontiacGrand Am	2003.764705882353	164.11764705882354	5.411764705882353	3.2941176470588234	28.294117647058822	19.294117647058822	210	21345.58823529412
PontiacGrand Prix	2006.875	253.625	6.75	4	26.375	17	210	24986.25
PontiacLe Mans	1992	74	4	2.6666666666666665	35.77777777777778	25.666666666666668	210	2000
PontiacMontana	2003.9411764705883	188.52941176470588	6	4	23.058823529411764	16.352941176470587	210	27944.117647058825
PontiacMontana SV6	2006	198.5	6	4	22	15.5	210	26000
PontiacSolstice	2008.2727272727273	212.9090909090909	4	2	26.454545454545453	18.818181818181817	210	27140
PontiacSunbird	1992.875	115.9375	4.375	2.625	30.875	21.0625	210	2000
PontiacSunfire	2004.2	140	4	2	32	22.8	210	13371
PontiacTorrent	2008.2	216.6	6	4	23.9	16.7	210	26542
PontiacTrans Sport	1997.4285714285713	180	6	3.4285714285714284	23.142857142857142	16.142857142857142	210	2020.2857142857142
PontiacVibe	2009.3333333333333	148.66666666666666	4	4	29	22.444444444444443	210	18388.333333333332
Porsche718 Cayman	2017	325	4	2	27	20.5	1715	60100
Porsche911	2015.9137931034484	426.37931034482756	6	2	26.155172413793103	18.43103448275862	1715	123763.79310344828
Porsche928	1994	345	8	2	17	11	1715	7704.333333333333
Porsche944	1990.5	208	4	2	24	15	1715	3093.75
Porsche968	1994	236	4	2	24	15	1715	4643
PorscheBoxster	2015.125	300	6	2	28.25	19.75	1715	61412.5
PorscheCarrera GT	2004.5	605	10	2	15	9	1715	440000
PorscheCayenne	2016.142857142857	422.85714285714283	6.714285714285714	4	23.5	16.428571428571427	1715	94385.71428571429
PorscheCayman	2015.125	310	6	2	28.25	19.75	1715	62487.5
PorscheCayman S	2006	295	6	2	26	18	1715	58900
PorscheMacan	2016.25	354	5.75	4	23.25	17.375	1715	61725
PorschePanamera	2015.5454545454545	437.27272727272725	6.909090909090909	4	25.681818181818183	16.454545454545453	1715	123340.90909090909
Rolls-RoyceCorniche	2001	325	8	2	15	10	86	359990
Rolls-RoyceDawn	2016	563	12	2	19	12	86	335000
Rolls-RoyceGhost	2013	563	12	4	20.666666666666668	13	86	276525
Rolls-RoyceGhost Series II	2015.5	563	12	4	21	13	86	307831.25
Rolls-RoycePark Ward	2001.5	322	12	4	15	11	86	261445
Rolls-RoycePhantom	2015	453	12	4	19	11	86	445959.1666666667
Rolls-RoycePhantom Coupe	2015	453	12	2	19	11	86	440466.6666666667
Rolls-RoycePhantom Drophead Coupe	2015	453	12	2	19	11	86	482125
Rolls-RoyceSilver Seraph	2001.5	322	12	4	15	11	86	224945
Rolls-RoyceWraith	2015	624	12	2	21	13	86	294425
Saab3-Sep	2009.84375	215.71875	4.1875	3.5	27.59375	18.4375	376	37603.28125
Saab5-Sep	2009.8181818181818	263.6363636363636	4.545454545454546	4	27.636363636363637	17.272727272727273	376	42925.90909090909
Saab9-2X	2005.5	198.75	4	4	25.5	18.5	376	24970
Saab9-3 Griffin	2012	220	4	3.3333333333333335	30.27777777777778	19.11111111111111	376	36581.11111111111
Saab9-4X	2011	272	6	4	23.6	17	376	38952
Saab9-7X	2008.125	317.5	7.25	4	18.75	13.25	376	43393.125
Saab900	1996.8260869565217	173.2608695652174	4.3478260869565215	2.6956521739130435	24.82608695652174	17.695652173913043	376	2025.1304347826087
Saab9000	1996.7	203.5	4.4	4	25.2	17.6	376	2058.6
ScionFR-S	2015	200	4	2	32	23.5	105	27517.5
ScioniA	2016	106	4	4	41.5	32	105	16250
ScioniM	2016	137	4	4	36.5	27.5	105	18830
ScioniQ	2014	94	4	2	37	36	105	16168.75
SciontC	2014.857142857143	179	4	2	31	23	105	21546.428571428572
ScionxA	2005	106.33333333333333	4	4	34.333333333333336	27	105	12996.666666666666
ScionxB	2013.9	158	4	4	28	22	105	18444.5
ScionxD	2012.8	128	4	4	33	27	105	16683
SpykerC8	2009	400	8	2	18	13	2	213323.33333333334
SubaruB9 Tribeca	2006.4	248	6	4	21	16	640	34088.333333333336
SubaruBRZ	2016	201.25	4	2	30.666666666666668	22.416666666666668	640	27685.833333333332
SubaruBaja	2005	192	4	4	23	17.4	640	24398.333333333332
SubaruCrosstrek	2016.4	150.4	4	4	32.4	25.6	640	24175
SubaruForester	2016	190	4	4	30.083333333333332	23.583333333333332	640	27336.666666666668
SubaruImpreza	2016.0294117647059	149.41176470588235	4	4	36.294117647058826	27.235294117647058	640	21168.529411764706
SubaruImpreza WRX	2013.5	278.3333333333333	4	4	24.333333333333332	18.333333333333332	640	30656.11111111111
SubaruJusty	1992.8	72.3	3	2.8	31.2	26.4	640	2000
SubaruLegacy	2015.8947368421052	187.78947368421052	4.315789473684211	4	34.36842105263158	24.842105263157894	640	25370.78947368421
SubaruLoyale	1992.6666666666667	90	4	4	27.11111111111111	21.444444444444443	640	2000
SubaruOutback	2015.95	191.2	4.4	4	31.6	24	640	29622.25
SubaruSVX	1995.75	230	6	2	22.5	15	640	2280.75
SubaruTribeca	2012.6	256	6	4	21	16	640	33155
SubaruWRX	2016	282.8	4	4	24.88	18.52	640	32863
SubaruXT	1991	129	5.333333333333333	2	26	18.666666666666668	640	2000
SubaruXV Crosstrek	2014.2142857142858	151.42857142857142	4	4	32.57142857142857	25.857142857142858	640	24395
SuzukiAerio	2005.7096774193549	155	4	4	27.225806451612904	21.612903225806452	481	15918.354838709678
SuzukiEquator	2010.8695652173913	223.08695652173913	5.304347826086956	4	20.47826086956522	15.956521739130435	481	24512.608695652172
SuzukiEsteem	2001.1935483870968	121.12903225806451	4	4	30.838709677419356	23.93548387096774	481	13295.90322580645
SuzukiForenza	2007.0588235294117	126.76470588235294	4	4	27.5	19.235294117647058	481	15575.470588235294
SuzukiGrand Vitara	2011.9444444444443	166	4	4	24.27777777777778	19	481	22762.88888888889
SuzukiKizashi	2011.84375	181.09375	4	4	29.625	22.0625	481	23994.3125
SuzukiReno	2006.8666666666666	126.6	4	4	28	19.466666666666665	481	14647
SuzukiSX4	2011.8181818181818	148.9090909090909	4	4	30.515151515151516	22.90909090909091	481	17608.696969696968
SuzukiSamurai	1993.75	66	4	2	26	24	481	2000
SuzukiSidekick	1997.1739130434783	104.78260869565217	4	3.391304347826087	23.608695652173914	20.304347826086957	481	2022.2173913043478
SuzukiSwift	2000.4285714285713	79	4	2	36.142857142857146	29.857142857142858	481	6642.285714285715
SuzukiVerona	2004.888888888889	155	6	4	25	17.444444444444443	481	19221.222222222223
SuzukiVitara	2002.75	136.5	4.5	3.25	22.4375	19.25	481	17474
SuzukiX-90	1997.142857142857	95	4	2	26	22	481	2000
SuzukiXL-7	2004.8620689655172	185	6	4	20.448275862068964	15.448275862068966	481	23688.655172413793
SuzukiXL7	2007.7435897435898	252	6	4	22.076923076923077	15.948717948717949	481	27013.76923076923
TeslaModel S	2015.2777777777778		0	4	98.94444444444444	94.11111111111111	1391	85255.55555555556
Toyota4Runner	2015.0384615384614	270	6	4	21.653846153846153	17	2031	38221.346153846156
Toyota86	2017	202.5	4	2	30	22.5	2031	26615
ToyotaAvalon	2016	268	6	4	30.666666666666668	21	2031	36230.333333333336
ToyotaAvalon Hybrid	2016	200	4	4	39	40	2031	39018.88888888889
ToyotaCamry	2016	206.42105263157896	4.631578947368421	4	33.21052631578947	23.526315789473685	2031	26952.894736842107
ToyotaCamry Hybrid	2016	200	4	4	38	40.888888888888886	2031	28290.555555555555
ToyotaCamry Solara	2007.03125	186.875	5.0625	2	28.46875	19.5	2031	24342.34375
ToyotaCelica	2004	160	4	2	30.125	22.5625	2031	20725
ToyotaCorolla	2015.9117647058824	133.88235294117646	4	4	37.61764705882353	28.764705882352942	2031	20221.176470588234
ToyotaCorolla iM	2017	137	4	4	35.5	27.5	2031	19120
ToyotaCressida	1991	190	6	4	22	17	2031	2000
ToyotaECHO	2004	108	4	3	37	29	2031	11016.666666666666
ToyotaFJ Cruiser	2013	260	6	4	19.333333333333332	16.11111111111111	2031	27865
ToyotaHighlander	2015.5	262.27272727272725	5.818181818181818	4	24.545454545454547	18.636363636363637	2031	37219.77272727273
ToyotaHighlander Hybrid	2015	280	6	4	28	27	2031	48939.166666666664
ToyotaLand Cruiser	2016	381	8	4	18	13	2031	82768.33333333333
ToyotaMR2	1994	167.5	4	2	25.5	18.5	2031	2138.6666666666665
ToyotaMR2 Spyder	2004	138	4	2	29.5	22.833333333333332	2031	25395
ToyotaMatrix	2012	147.6	4	4	29.4	22.6	2031	20310.333333333332
ToyotaPaseo	1996.25	94.75	4	2	32.75	25.5	2031	2044.5
ToyotaPickup	1994.1538461538462	134.30769230769232	5.076923076923077	2	20.384615384615383	16.153846153846153	2031	2273.923076923077
ToyotaPrevia	1995.75	155.25	4	3	19.625	15.375	2031	2200.1875
ToyotaPrius	2016	125.33333333333333	4	4	49.666666666666664	53.44444444444444	2031	26908.61111111111
ToyotaPrius Prime	2017	121	4	4	53	55	2031	29666.666666666668
ToyotaPrius c	2015.076923076923	99	4	4	46	53	2031	21377.69230769231
ToyotaPrius v	2016	134	4	4	39.666666666666664	43.666666666666664	2031	28841.25
ToyotaRAV4	2016.1666666666667	176	4	4	29.5	22.791666666666668	2031	28789.166666666668
ToyotaRAV4 EV	2013	154	0	4	74	78	2031	49800
ToyotaRAV4 Hybrid	2016.6	194	4	4	30.4	34	2031	31445
ToyotaSequoia	2016	381	8	4	17	13	2031	55687.77777777778
ToyotaSienna	2016	276	6	4	24.980392156862745	17.84313725490196	2031	37672.84314
ToyotaSupra	1997	270.8333333333333	6	2	22	15.833333333333334	2031	19738
ToyotaT100	1997	182	5.6	2	19.2	15.466666666666667	2031	2861.2
ToyotaTacoma	2016.1625	240.4625	5.475	4	22.4875	18.075	2031	30318.4375
ToyotaTercel	1996.7142857142858	93	4	2.5714285714285716	35.142857142857146	27.714285714285715	2031	2028.7142857142858
ToyotaTundra	2016.0714285714287	371.87142857142857	8	3.842857142857143	17.55	13.192857142857143	2031	37844.25
ToyotaVenza	2013.888888888889	229.33333333333334	5.111111111111111	4	25.703703703703702	19.14814814814815	2031	33031.851851851854
ToyotaYaris	2016	106	4	3.142857142857143	35.95238095238095	30	2031	16463.809523809523
ToyotaYaris iA	2017	106	4	4	39.5	31	2031	16500
VolkswagenBeetle	2015.44	183.33333333333334	4	2	32.96	24.786666666666665	873	26100.933333333334
VolkswagenBeetle Convertible	2014.887640449438	186.2921348314607	4.067415730337078	2	32.21348314606742	24.15730337078652	873	30491.96629213483
VolkswagenCC	2015.84375	205	4.125	4	30.875	21.4375	873	35854.375
VolkswagenCabrio	2001.2857142857142	115	4	2	27.357142857142858	20.571428571428573	873	18592.214285714286
VolkswagenCabriolet	1992.1666666666667	94	4	2	28.333333333333332	21.666666666666668	873	2000
VolkswagenCorrado	1992.75	173	5.5	2	23.5	16.5	873	2000
VolkswagenEos	2014.7142857142858	200	4	2	30	22	873	38063.57142857143
VolkswagenEuroVan	2002	201	6	3	18	15	873	26950
VolkswagenFox	1992.142857142857	81	4	2.857142857142857	29.714285714285715	22	873	2000
VolkswagenGLI	2010.3636363636363	200	4	4	31.09090909090909	22.181818181818183	873	25538.409090909092
VolkswagenGTI	2012.6315789473683	200	4	3.1578947368421053	32	22.5	873	28037.894736842107
VolkswagenGolf	2015.6296296296296	165.55555555555554	4	3.4814814814814814	37.925925925925924	26.22222222222222	873	22647.222222222223
VolkswagenGolf Alltrack	2017	170	4	4	30	22	873	29130
VolkswagenGolf GTI	2015.8	215.2	4	3.28	33.4	24.8	873	28791.6
VolkswagenGolf R	2016.2	292	4	4	30.4	22.6	873	37723.5
VolkswagenGolf SportWagen	2015.6842105263158	163.68421052631578	4	4	37.36842105263158	26.894736842105264	873	26127.105263157893
VolkswagenJetta	2015.5901639344263	171.72131147540983	4	4	36.950819672131146	26.18032786885246	873	23953.524590163935
VolkswagenJetta GLI	2013.4545454545455	207.27272727272728	4	4	32.5	23.227272727272727	873	27350
VolkswagenJetta Hybrid	2013.5	170	4	4	48	42	873	28479.375
VolkswagenJetta SportWagen	2013	157.14285714285714	4.571428571428571	4	35.214285714285715	26.071428571428573	873	25284.761904761905
VolkswagenNew Beetle	2008.888888888889	150	5	2	28.444444444444443	20	873	21973.61111111111
VolkswagenPassat	2015.6444444444444	178	4.177777777777778	4	36.17777777777778	24.377777777777776	873	27465.88888888889
VolkswagenPhaeton	2005.090909090909	385.72727272727275	10.181818181818182	4	18.818181818181817	12.363636363636363	873	83318.18181818182
VolkswagenR32	2006	245	6	2	23.5	17.5	873	31045
VolkswagenRabbit	2007.909090909091	162.72727272727272	5	2.909090909090909	28.727272727272727	20.272727272727273	873	17080.909090909092
VolkswagenRoutan	2010.875	260.6666666666667	6	4	24.666666666666668	16.833333333333332	873	35601.25
VolkswagenTiguan	2015.923076923077	200	4	4	25.384615384615383	20.346153846153847	873	31650.96153846154
VolkswagenTouareg	2015.7222222222222	272.22222222222223	6	4	25.055555555555557	18.333333333333332	873	54166.666666666664
VolkswagenTouareg 2	2008.5	298.5	7.333333333333333	4	20	14.166666666666666	873	47838.333333333336
VolkswagenVanagon	1990.3636363636363	90	4	3	17.272727272727273	15.545454545454545	873	2000
Volkswagene-Golf	2015.5	115		4	105	126	873	33371.25
Volvo240	1991.875	114	4	4	25.5	18.75	870	2000
Volvo740	1990.875	133.875	4	4	24.1875	18.125	870	2000
Volvo760	1990	156	4.666666666666667	4	19.666666666666668	15.666666666666666	870	2000
Volvo780	1990	166	5	2	19.5	15.5	870	2000
Volvo850	1996	202.92307692307693	5	4	24.76923076923077	17.46153846153846	870	2003.5
Volvo940	1993.857142857143	138	4	4	23.428571428571427	17	870	2000
Volvo960	1996	181	6	4	23.666666666666668	15.666666666666666	870	2000
VolvoC30	2012	227	5	2	29	21	870	26258.333333333332
VolvoC70	2012	227	5	2	28	18.666666666666668	870	40533.333333333336
VolvoCoupe	1991	188	4	2	20	17	870	2000
VolvoS40	2009.875	212.25	5	4	28.875	20.125	870	30287.5
VolvoS60	2015.857142857143	273.89285714285717	4.607142857142857	4	32.142857142857146	22.142857142857142	870	40721.42857142857
VolvoS60 Cross Country	2017	240	4	4	30	22	870	44200
VolvoS70	1999.142857142857	191.57142857142858	5	4	24.857142857142858	17.5	870	2317.9285714285716
VolvoS80	2015	262.5	5	4	32.5	22.25	870	43365.625
VolvoS90	2013.2	262.6	4.4	4	30.6	21.2	870	41773.8
VolvoV40	2003.25	167.5	4	4	27	19	870	26336.25
VolvoV50	2010	207.33333333333334	5	4	28.833333333333332	20.166666666666668	870	31483.333333333332
VolvoV60	2015.904761904762	272.42857142857144	4.714285714285714	4	30.666666666666668	21.857142857142858	870	42403.333333333336
VolvoV60 Cross Country	2016	246.66666666666666	4.666666666666667	4	28.666666666666668	20.666666666666668	870	43125
VolvoV70	2009.25	235	6	4	25.75	17	870	34228.75
VolvoV90	1998	181	6	4	23	16	870	2200
VolvoXC	2002	197	5	4	23	17	870	36500
VolvoXC60	2015.4814814814815	280.5	4.851851851851852	4	27.22222222222222	19.925925925925927	870	43620.37037037037
VolvoXC70	2015.4444444444443	252.77777777777777	4.944444444444445	4	27.5	20.166666666666668	870	40877.77777777778
VolvoXC90	2016.0588235294117	276	4.235294117647059	4	25.294117647058822	20.470588235294116	870	50794.117647058825
