;Year;Engine HP;Engine Cylinders;Number of Doors;highway MPG;city mpg;Popularity;MSRP
AcuraCL;2002.3333333333333;236.66666666666666;6.0;2.0;26.77777777777778;17.0;204.0;29818.88888888889
AcuraILX;2016.125;191.4375;4.0;4.0;35.125;24.625;204.0;30712.5
AcuraILX Hybrid;2014.0;111.0;4.0;4.0;38.0;39.0;204.0;31750.0
AcuraIntegra;2000.2083333333333;152.08333333333334;4.0;2.9166666666666665;28.166666666666668;21.833333333333332;204.0;11768.583333333334
AcuraLegend;1994.0625;215.0;6.0;3.25;23.1875;16.0;204.0;2143.5
AcuraMDX;2016.0588235294117;290.0;6.0;4.0;26.735294117647058;18.852941176470587;204.0;50332.05882352941
AcuraNSX;2007.0;331.4;6.0;2.0;22.0;17.0;204.0;102400.0
AcuraRDX;2016.25;278.0;6.0;4.0;27.916666666666668;19.5;204.0;39232.5
AcuraRL;2011.0;300.0;6.0;4.0;23.333333333333332;16.666666666666668;204.0;51340.0
AcuraRLX;2015.75;321.1666666666667;6.0;4.0;31.0;21.333333333333332;204.0;56491.666666666664
AcuraRSX;2005.0;167.4;4.0;2.0;30.266666666666666;22.466666666666665;204.0;21689.0
AcuraSLX;1997.75;202.5;6.0;4.0;17.5;13.0;204.0;2658.75
AcuraTL;2013.0434782608695;293.04347826086956;6.0;4.0;27.304347826086957;18.82608695652174;204.0;40876.739130434784
AcuraTLX;2016.0;266.0;5.428571428571429;4.0;33.42857142857143;21.857142857142858;204.0;38730.0
AcuraTSX;2012.9375;220.75;4.5;4.0;29.875;21.0625;204.0;33284.0625
AcuraTSX Sport Wagon;2013.0;201.0;4.0;4.0;30.0;22.0;204.0;33560.0
AcuraVigor;1993.0;176.0;5.0;4.0;24.0;18.0;204.0;2000.0
AcuraZDX;2011.7142857142858;300.0;6.0;4.0;23.0;16.0;204.0;51062.857142857145
Alfa Romeo4C;2015.4;237.0;4.0;2.0;34.0;24.0;113.0;61600.0
Aston MartinDB7;2003.0;423.75;12.0;2.0;16.75;10.0;259.0;151550.0
Aston MartinDB9;2014.25;510.0;12.0;2.0;19.0;13.0;259.0;196522.5
Aston MartinDB9 GT;2016.0;540.0;12.0;2.0;19.0;13.0;259.0;215602.33333333334
Aston MartinDBS;2011.25;510.0;12.0;2.0;17.5;11.5;259.0;281573.0
Aston MartinRapide;2011.25;470.0;12.0;4.0;19.0;13.0;259.0;210122.5
Aston MartinRapide S;2015.0;551.3333333333334;12.0;4.0;21.0;13.666666666666666;259.0;202748.33333333334
Aston MartinV12 Vanquish;2005.0;490.0;12.0;2.0;16.5;10.25;259.0;245880.0
Aston MartinV12 Vantage;2011.6666666666667;510.0;12.0;2.0;17.0;11.0;259.0;187565.0
Aston MartinV12 Vantage S;2015.6666666666667;565.0;12.0;2.0;18.0;12.0;259.0;188095.0
Aston MartinV8 Vantage;2015.125;428.75;8.0;2.0;20.0;13.5;259.0;129535.0
Aston MartinVanquish;2015.25;567.25;12.0;2.0;20.5;13.0;259.0;297083.75
Aston MartinVirage;2012.0;490.0;12.0;2.0;18.0;13.0;259.0;215795.0
Audi100;1993.0;172.0;6.0;4.0;22.266666666666666;16.466666666666665;3105.0;2000.0
Audi200;1990.5;180.33333333333334;5.0;4.0;21.5;15.666666666666666;3105.0;2000.0
Audi80;1991.0;126.33333333333333;4.833333333333333;4.0;23.666666666666668;17.166666666666668;3105.0;2000.0
Audi90;1994.0;172.0;6.0;4.0;23.22222222222222;17.22222222222222;3105.0;2000.0
AudiA3;2015.936170212766;190.3404255319149;4.0;3.148936170212766;35.02127659574468;25.127659574468087;3105.0;38652.12765957447
AudiA4;2016.04;225.36;4.0;4.0;32.28;23.52;3105.0;39752.0
AudiA4 allroad;2017.0;252.0;4.0;4.0;28.0;23.0;3105.0;47466.666666666664
AudiA5;2016.3333333333333;220.0;4.0;2.0;28.77777777777778;20.333333333333332;3105.0;44300.0
AudiA6;2015.9565217391305;267.30434782608694;4.956521739130435;4.0;46.34782608695652;22.304347826086957;3105.0;54673.913043478264
AudiA7;2015.8;291.2;6.0;4.0;32.3;21.5;3105.0;69895.0
AudiA8;2016.3333333333333;384.3333333333333;7.666666666666667;4.0;28.833333333333332;18.5;3105.0;94850.0
AudiCabriolet;1997.0;172.0;6.0;2.0;22.0;17.0;3105.0;2868.3333333333335
AudiCoupe;1990.5;164.0;5.0;2.0;22.0;15.5;3105.0;2000.0
AudiQ3;2016.142857142857;200.0;4.0;4.0;28.285714285714285;20.0;3105.0;36292.857142857145
AudiQ5;2015.85;244.1;5.2;4.0;28.4;21.0;3105.0;48255.0
AudiQ7;2015.0;281.6666666666667;6.0;4.0;25.0;17.8;3105.0;57373.333333333336
AudiR8;2014.76;506.4;9.36;2.0;21.0;12.64;3105.0;158819.6
AudiRS 4;2007.6666666666667;420.0;8.0;3.3333333333333335;19.666666666666668;12.666666666666666;3105.0;71603.33333333333
AudiRS 5;2014.0;450.0;8.0;2.0;22.666666666666668;16.0;3105.0;74066.66666666667
AudiRS 6;2003.0;450.0;8.0;4.0;20.0;14.0;3105.0;82700.0
AudiRS 7;2016.0;560.0;8.0;4.0;25.666666666666668;15.333333333333334;3105.0;108700.0
AudiS3;2016.0;292.0;4.0;4.0;30.0;22.333333333333332;3105.0;45091.666666666664
AudiS4;2015.0;333.0;6.0;4.0;27.0;17.5;3105.0;52150.0
AudiS5;2016.3333333333333;333.0;6.0;2.0;26.666666666666668;17.666666666666668;3105.0;58183.333333333336
AudiS6;2016.2;444.0;8.0;4.0;27.0;17.8;3105.0;73340.0
AudiS7;2016.25;442.5;8.0;4.0;27.0;17.0;3105.0;82050.0
AudiS8;2016.0;562.5;8.0;4.0;25.25;15.75;3105.0;115150.0
AudiSQ5;2016.0;354.0;6.0;4.0;24.0;17.0;3105.0;56850.0
AudiTT;2016.0;217.0;4.0;2.0;30.333333333333332;22.666666666666668;3105.0;43916.666666666664
AudiTT RS;2012.5;360.0;5.0;2.0;25.0;18.0;3105.0;57025.0
AudiTTS;2015.75;278.5;4.0;2.0;29.0;22.5;3105.0;51200.0
AudiV8;1993.0;276.0;8.0;4.0;18.0;13.0;3105.0;2129.3333333333335
Audiallroad;2014.875;220.0;4.0;4.0;27.625;20.625;3105.0;44675.0
Audiallroad quattro;2004.125;262.5;6.5;4.0;20.125;14.375;3105.0;41943.75
BMW1 Series;2012.25;267.5;6.0;2.0;27.625;18.75;3916.0;37853.125
BMW1 Series M;2011.0;335.0;6.0;2.0;26.0;19.0;3916.0;46135.0
BMW2 Series;2016.4705882352941;283.05882352941177;4.9411764705882355;2.0;32.705882352941174;21.823529411764707;3916.0;41697.05882352941
BMW3 Series;2015.9117647058824;230.0;4.411764705882353;4.0;35.73529411764706;24.676470588235293;3916.0;40897.05882352941
BMW3 Series Gran Turismo;2015.857142857143;269.7142857142857;4.857142857142857;4.0;31.857142857142858;21.285714285714285;3916.0;45250.0
BMW4 Series;2015.8620689655172;268.6896551724138;4.827586206896552;2.0;32.3448275862069;21.517241379310345;3916.0;48984.48275862069
BMW4 Series Gran Coupe;2015.857142857143;269.7142857142857;4.857142857142857;4.0;32.57142857142857;21.714285714285715;3916.0;44750.0
BMW5 Series;2015.5;310.125;6.0;4.0;31.5625;21.25;3916.0;58306.25
BMW5 Series Gran Turismo;2015.9;358.0;6.8;4.0;25.8;17.4;3916.0;65740.0
BMW6 Series;2016.0;380.0;7.0;2.0;27.083333333333332;18.166666666666668;3916.0;87933.33333333333
BMW6 Series Gran Coupe;2016.0;380.0;7.0;4.0;26.916666666666668;18.0;3916.0;86383.33333333333
BMW7 Series;2015.6875;390.9375;7.375;4.0;26.375;17.8125;3916.0;90662.5
BMW8 Series;1995.857142857143;312.0;10.285714285714286;2.0;19.285714285714285;12.714285714285714;3916.0;6583.0
BMWALPINA B6 Gran Coupe;2016.0;580.0;8.0;4.0;24.0;15.333333333333334;3916.0;120666.66666666667
BMWALPINA B7;2014.7777777777778;546.6666666666666;8.0;4.0;24.444444444444443;16.0;3916.0;132333.33333333334
BMWActiveHybrid 5;2015.0;335.0;6.0;4.0;30.0;23.0;3916.0;61800.0
BMWActiveHybrid 7;2014.0;345.0;6.0;4.0;30.0;22.0;3916.0;84300.0
BMWActiveHybrid X6;2010.5;480.0;8.0;4.0;19.0;17.0;3916.0;88900.0
BMWAlpina;2003.0;375.0;8.0;2.0;19.0;13.0;3916.0;136900.0
BMWM;2003.2;321.0;6.0;2.0;23.0;15.0;3916.0;47314.0
BMWM2;2016.5;365.0;6.0;2.0;26.0;18.0;3916.0;51700.0
BMWM3;2016.0;425.0;6.0;4.0;26.0;17.0;3916.0;63166.666666666664
BMWM4;2016.0;425.0;6.0;2.0;26.0;17.0;3916.0;69583.33333333333
BMWM4 GTS;2016.0;493.0;6.0;2.0;23.0;16.0;3916.0;133205.0
BMWM5;2015.0;557.3333333333334;8.0;4.0;20.0;14.0;3916.0;93533.33333333333
BMWM6;2016.0;557.3333333333334;8.0;2.0;20.333333333333332;14.166666666666666;3916.0;116150.0
BMWM6 Gran Coupe;2016.0;557.3333333333334;8.0;4.0;20.0;14.0;3916.0;116800.0
BMWX1;2015.8333333333333;244.0;4.333333333333333;4.0;31.333333333333332;21.666666666666668;3916.0;34383.333333333336
BMWX3;2016.0;240.0;4.5;4.0;29.083333333333332;22.0;3916.0;42237.5
BMWX4;2016.0;290.7142857142857;5.142857142857143;4.0;27.0;19.285714285714285;3916.0;49871.42857142857
BMWX5;2016.0;325.0;6.5;4.0;25.583333333333332;18.666666666666668;3916.0;60308.333333333336
BMWX5 M;2016.0;567.0;8.0;4.0;19.0;14.0;3916.0;98766.66666666667
BMWX6;2016.0;348.3333333333333;6.666666666666667;4.0;24.0;17.11111111111111;3916.0;66044.44444444444
BMWX6 M;2016.0;567.0;8.0;4.0;19.0;14.0;3916.0;102166.66666666667
BMWZ3;2001.0;202.66666666666666;6.0;2.0;25.22222222222222;18.11111111111111;3916.0;25358.666666666668
BMWZ4;2015.0;291.6666666666667;5.333333333333333;2.0;27.555555555555557;18.88888888888889;3916.0;57438.88888888889
BMWZ4 M;2007.5;330.0;6.0;2.0;22.5;15.0;3916.0;51250.0
BMWZ8;2002.0;394.0;8.0;2.0;19.0;12.0;3916.0;129833.33333333333
BMWi3;2016.25;170.0;0.0;4.0;109.75;135.0;3916.0;42700.0
BentleyArnage;2008.1;470.0;8.0;4.0;14.6;9.8;520.0;246890.0
BentleyAzure;2008.0;450.0;8.0;2.0;15.0;9.333333333333334;520.0;331656.6666666667
BentleyAzure T;2010.0;500.0;8.0;2.0;15.0;9.0;520.0;363000.0
BentleyBrooklands;2009.5;530.0;8.0;2.0;14.5;9.5;520.0;340990.0
BentleyContinental;2001.6666666666667;416.6666666666667;8.0;2.0;15.0;10.0;520.0;309596.6666666667
BentleyContinental Flying Spur;2012.0;552.0;12.0;4.0;18.666666666666668;11.0;520.0;183200.0
BentleyContinental Flying Spur Speed;2012.0;600.0;12.0;4.0;17.0;10.0;520.0;208600.0
BentleyContinental GT;2015.2631578947369;551.2631578947369;9.894736842105264;2.0;22.57894736842105;13.368421052631579;520.0;215978.94736842104
BentleyContinental GT Speed;2012.0;608.0;12.0;2.0;18.5;11.5;520.0;212350.0
BentleyContinental GT Speed Convertible;2014.0;626.0;12.0;2.0;20.0;12.0;520.0;238700.0
BentleyContinental GT3-R;2015.0;572.0;8.0;2.0;23.0;13.0;520.0;337000.0
BentleyContinental GTC;2013.3333333333333;537.0;10.0;2.0;21.666666666666668;12.666666666666666;520.0;207816.66666666666
BentleyContinental GTC Speed;2010.5;600.0;12.0;2.0;17.0;10.0;520.0;233750.0
BentleyContinental Supersports;2011.0;621.0;12.0;2.0;19.0;12.0;520.0;267000.0
BentleyContinental Supersports Convertible;2011.5;621.0;12.0;2.0;19.0;12.0;520.0;280400.0
BentleyFlying Spur;2015.2;569.6;10.4;4.0;21.6;12.8;520.0;206940.0
BentleyMulsanne;2015.25;511.25;8.0;4.0;18.0;11.0;520.0;310475.0
BentleySupersports Convertible ISR;2013.0;631.0;12.0;2.0;19.0;12.0;520.0;291900.0
BugattiVeyron 16.4;2008.3333333333333;1001.0;16.0;2.0;14.0;8.0;820.0;1757223.6666666667
BuickCascada;2016.6;200.0;4.0;2.0;27.0;20.0;155.0;35065.0
BuickCentury;2004.0;175.0;6.0;4.0;26.666666666666668;18.0;155.0;21696.666666666668
BuickElectra;1990.0;165.0;6.0;4.0;25.0;16.0;155.0;2000.0
BuickEnclave;2016.0;288.0;6.0;4.0;22.4;15.533333333333333;155.0;45054.666666666664
BuickEncore;2016.0714285714287;139.07142857142858;4.0;4.0;31.678571428571427;24.571428571428573;155.0;27877.5
BuickEnvision;2016.75;224.5;4.0;4.0;27.25;20.75;155.0;40617.5
BuickEstate Wagon;1990.0;140.0;8.0;4.0;22.0;15.0;155.0;2000.0
BuickLaCrosse;2015.9;293.3;5.8;4.0;29.05;19.2;155.0;37077.0
BuickLeSabre;2004.0;205.0;6.0;4.0;27.0;17.666666666666668;155.0;29050.0
BuickLucerne;2009.8095238095239;236.28571428571428;6.285714285714286;4.0;25.61904761904762;16.714285714285715;155.0;34554.04761904762
BuickPark Avenue;2004.0;222.5;6.0;4.0;26.333333333333332;17.0;155.0;37714.166666666664
BuickRainier;2006.0;285.6666666666667;6.0;4.0;19.833333333333332;14.0;155.0;32945.833333333336
BuickReatta;1990.5;167.5;6.0;2.0;25.0;16.0;155.0;2000.0
BuickRegal;2016.4117647058824;249.94117647058823;4.0;4.0;28.647058823529413;19.941176470588236;155.0;31872.058823529413
BuickRendezvous;2006.0;192.0;6.0;4.0;22.666666666666668;16.666666666666668;155.0;27127.5
BuickRiviera;1997.75;231.25;6.0;2.0;25.0;16.25;155.0;2133.5
BuickRoadmaster;1995.0;260.0;8.0;4.0;23.333333333333332;15.0;155.0;2044.6666666666667
BuickSkylark;1996.75;152.5;4.5;3.25;28.375;18.75;155.0;2000.0
BuickTerraza;2005.909090909091;210.36363636363637;6.0;4.0;22.272727272727273;15.636363636363637;155.0;30005.909090909092
BuickVerano;2015.857142857143;190.0;4.0;4.0;31.5;21.0;155.0;24694.64285714286
CadillacATS;2015.7692307692307;286.8974358974359;4.769230769230769;4.0;29.512820512820515;20.46153846153846;1624.0;42111.153846153844
CadillacATS Coupe;2015.8;296.6;4.857142857142857;2.0;29.4;20.34285714285714;1624.0;45772.142857142855
CadillacATS-V;2016.5;464.0;6.0;3.0;23.0;16.5;1624.0;61680.0
CadillacAllante;1992.0;231.66666666666666;8.0;2.0;20.0;13.666666666666666;1624.0;2197.3333333333335
CadillacBrougham;1990.75;155.0;8.0;4.0;22.5;15.0;1624.0;2000.0
CadillacCT6;2016.5;342.44444444444446;5.555555555555555;4.0;27.444444444444443;18.88888888888889;1624.0;66033.33333333333
CadillacCTS;2015.857142857143;314.0;5.0476190476190474;4.0;28.261904761904763;19.261904761904763;1624.0;56959.76190476191
CadillacCTS Coupe;2013.0;318.0;6.0;2.0;27.0;18.0;1624.0;44645.0
CadillacCTS Wagon;2012.909090909091;296.1818181818182;6.0;4.0;26.09090909090909;18.0;1624.0;45185.0
CadillacCTS-V;2015.6666666666667;612.0;8.0;4.0;20.333333333333332;14.0;1624.0;77863.33333333333
CadillacCTS-V Coupe;2014.0;556.0;8.0;2.0;19.0;14.0;1624.0;65571.66666666667
CadillacCTS-V Wagon;2013.0;556.0;8.0;4.0;19.0;14.0;1624.0;63343.333333333336
CadillacCatera;2000.0;200.0;6.0;4.0;22.75;16.0;1624.0;9428.75
CadillacDTS;2009.857142857143;278.64285714285717;8.0;4.0;22.857142857142858;15.0;1624.0;51683.21428571428
CadillacDeVille;2004.1;281.5;8.0;4.0;23.7;15.7;1624.0;48547.5
CadillacEldorado;2001.142857142857;289.2857142857143;8.0;2.0;25.0;15.428571428571429;1624.0;32237.714285714286
CadillacEscalade;2015.8;420.0;8.0;4.0;21.266666666666666;14.9;1624.0;81037.33333333333
CadillacEscalade ESV;2015.8;420.0;8.0;4.0;21.033333333333335;14.766666666666667;1624.0;84037.33333333333
CadillacEscalade EXT;2012.0;403.0;8.0;4.0;18.0;13.0;1624.0;66572.22222222222
CadillacEscalade Hybrid;2012.0;332.0;8.0;4.0;23.0;20.0;1624.0;80522.5
CadillacFleetwood;1995.0;260.0;8.0;4.0;23.333333333333332;15.0;1624.0;2052.6666666666665
CadillacSRX;2015.0;308.0;6.0;4.0;23.571428571428573;16.571428571428573;1624.0;45903.80952380953
CadillacSTS;2010.1;307.4;6.6;4.0;26.0;17.0;1624.0;53597.5
CadillacSTS-V;2008.0;469.0;8.0;4.0;19.0;12.666666666666666;1624.0;78526.66666666667
CadillacSeville;2002.8;285.0;8.0;4.0;24.8;16.0;1624.0;47452.8
CadillacSixty Special;1993.0;200.0;8.0;4.0;23.0;15.0;1624.0;2000.0
CadillacXLR;2007.7142857142858;320.0;8.0;2.0;24.0;15.0;1624.0;82502.85714285714
CadillacXLR-V;2008.0;443.0;8.0;2.0;21.25;13.75;1624.0;100373.75
CadillacXT5;2017.0;310.0;6.0;4.0;26.5;18.5;1624.0;50010.833333333336
CadillacXTS;2016.0;327.55555555555554;6.0;4.0;26.296296296296298;17.22222222222222;1624.0;58115.555555555555
ChevroletAstro;2004.0;190.0;6.0;3.0;17.666666666666668;13.0;1385.0;25105.0
ChevroletAstro Cargo;2004.0;190.0;6.0;3.0;19.0;14.333333333333334;1385.0;23791.666666666668
ChevroletAvalanche;2011.2;320.0;8.0;4.0;21.0;15.0;1385.0;42064.666666666664
ChevroletAveo;2010.0;107.66666666666667;4.0;4.0;34.666666666666664;27.0;1385.0;13843.333333333334
ChevroletBeretta;1995.0;140.83333333333334;4.666666666666667;2.0;29.666666666666668;19.833333333333332;1385.0;2000.0
ChevroletBlack Diamond Avalanche;2013.0;320.0;8.0;4.0;21.0;15.0;1385.0;41295.833333333336
ChevroletBlazer;2003.9285714285713;190.0;6.0;2.857142857142857;18.785714285714285;13.785714285714286;1385.0;24151.428571428572
ChevroletBolt EV;2017.0;200.0;;4.0;110.0;128.0;1385.0;38762.5
ChevroletC/K 1500 Series;1997.5357142857142;205.89285714285714;6.392857142857143;2.0357142857142856;19.107142857142858;14.321428571428571;1385.0;2902.035714285714
ChevroletC/K 2500 Series;1998.0;242.5;8.0;2.0;17.5;12.5;1385.0;3048.75
ChevroletCamaro;2015.969696969697;393.8484848484849;6.424242424242424;2.0;26.21212121212121;17.363636363636363;1385.0;38991.666666666664
ChevroletCaprice;1994.857142857143;225.71428571428572;8.0;4.0;23.714285714285715;15.571428571428571;1385.0;2000.0
ChevroletCaptiva Sport;2014.0;180.0;4.0;4.0;28.0;20.0;1385.0;26205.833333333332
ChevroletCavalier;2004.05;140.0;4.0;2.9;32.1;22.7;1385.0;15308.0
ChevroletCelebrity;1990.0;122.5;5.0;4.0;28.0;18.5;1385.0;2000.0
ChevroletChevy Van;1997.0;198.33333333333334;6.0;3.0;17.333333333333332;13.666666666666666;1385.0;2024.2222222222222
ChevroletCity Express;2016.0;131.0;4.0;4.0;26.0;24.0;1385.0;22810.0
ChevroletClassic;2004.5;140.0;4.0;4.0;31.0;22.0;1385.0;19597.5
ChevroletCobalt;2009.0;174.45454545454547;4.0;2.909090909090909;34.18181818181818;24.0;1385.0;17302.272727272728
ChevroletColorado;2014.462962962963;240.09259259259258;4.907407407407407;3.8518518518518516;24.77777777777778;18.01851851851852;1385.0;27664.722222222223
ChevroletCorsica;1995.0;120.0;4.0;4.0;28.5;21.5;1385.0;2000.0
ChevroletCorvette;2016.1;515.5;8.0;2.0;25.7;16.1;1385.0;71505.33333333333
ChevroletCorvette Stingray;2014.0;455.0;8.0;2.0;29.0;17.0;1385.0;57500.0
ChevroletCruze;2015.96;147.4;4.0;4.0;39.32;27.68;1385.0;20469.4
ChevroletCruze Limited;2016.0;138.0;4.0;4.0;37.77777777777778;25.555555555555557;1385.0;20188.88888888889
ChevroletEquinox;2015.9130434782608;182.0;4.0;4.0;30.565217391304348;21.130434782608695;1385.0;27577.391304347828
ChevroletExpress;2015.0588235294117;287.94117647058823;8.0;3.0;16.647058823529413;11.235294117647058;1385.0;34804.117647058825
ChevroletExpress Cargo;2014.0;252.5;7.0;3.0;18.0;13.5;1385.0;30235.0
ChevroletHHR;2009.7857142857142;177.5;4.0;4.0;31.071428571428573;21.785714285714285;1385.0;20762.5
ChevroletImpala;2015.7222222222222;240.83333333333334;5.222222222222222;4.0;28.38888888888889;19.27777777777778;1385.0;33558.61111111111
ChevroletImpala Limited;2015.0;300.0;6.0;4.0;30.0;18.0;1385.0;27735.0
ChevroletLumina;1999.6;174.0;6.0;4.0;26.4;17.4;1385.0;5406.8
ChevroletLumina Minivan;1995.0;140.0;6.0;3.0;22.0;17.0;1385.0;2000.0
ChevroletMalibu;2015.8947368421052;196.42105263157896;4.0;4.0;36.0;27.263157894736842;1385.0;25704.736842105263
ChevroletMalibu Classic;2008.0;194.33333333333334;5.333333333333333;4.0;29.333333333333332;19.333333333333332;1385.0;19316.666666666668
ChevroletMalibu Hybrid;2009.0;164.0;4.0;4.0;33.333333333333336;25.333333333333332;1385.0;25040.0
ChevroletMalibu Limited;2016.0;197.0;4.0;4.0;34.0;24.0;1385.0;24346.25
ChevroletMalibu Maxx;2006.090909090909;212.1818181818182;6.0;4.0;27.09090909090909;18.636363636363637;1385.0;21954.090909090908
ChevroletMetro;1999.7142857142858;72.14285714285714;3.7142857142857144;2.857142857142857;38.285714285714285;31.428571428571427;1385.0;3502.1428571428573
ChevroletMonte Carlo;2006.0;232.1818181818182;6.363636363636363;2.0;27.363636363636363;18.0;1385.0;23868.636363636364
ChevroletPrizm;2001.0;125.0;4.0;4.0;36.0;27.0;1385.0;10872.166666666666
ChevroletS-10;2002.4571428571428;156.0;5.0285714285714285;2.657142857142857;21.37142857142857;16.0;1385.0;19452.02857142857
ChevroletS-10 Blazer;1993.1612903225807;163.8709677419355;6.0;2.967741935483871;20.64516129032258;15.32258064516129;1385.0;2000.0
ChevroletSS;2015.0;415.0;8.0;4.0;20.666666666666668;14.0;1385.0;45265.0
ChevroletSSR;2005.0;363.3333333333333;8.0;2.0;18.0;14.0;1385.0;41138.333333333336
ChevroletSilverado 1500;2015.9615384615386;310.12820512820514;6.717948717948718;3.4358974358974357;22.634615384615383;16.884615384615383;1385.0;38876.217948717946
ChevroletSilverado 1500 Classic;2007.0;273.7755102040816;7.591836734693878;3.510204081632653;18.612244897959183;13.89795918367347;1385.0;27336.73469387755
ChevroletSilverado 1500 Hybrid;2012.0;332.0;8.0;4.0;23.0;20.0;1385.0;44802.5
ChevroletSonic;2015.85;138.0;4.0;4.0;35.325;25.95;1385.0;18167.5
ChevroletSpark;2016.0;93.33333333333333;4.0;4.0;39.333333333333336;30.166666666666668;1385.0;14940.0
ChevroletSpark EV;2015.0;140.0;0.0;4.0;109.0;128.0;1385.0;25842.5
ChevroletSportvan;1994.25;179.5;7.0;3.0;16.0;12.25;1385.0;2000.0
ChevroletSuburban;2016.0;355.0;8.0;4.0;22.5;15.5;1385.0;57672.22222222222
ChevroletTahoe;2016.0;355.0;8.0;4.0;22.5;16.0;1385.0;54972.22222222222
ChevroletTahoe Hybrid;2012.0;332.0;8.0;4.0;23.0;20.0;1385.0;53647.5
ChevroletTahoe Limited/Z71;2000.0;255.0;8.0;4.0;15.5;11.5;1385.0;3439.0
ChevroletTracker;2002.857142857143;145.47619047619048;5.0476190476190474;3.4285714285714284;21.333333333333332;18.238095238095237;1385.0;19742.14285714286
ChevroletTrailBlazer;2008.0;321.46666666666664;6.666666666666667;4.0;18.733333333333334;13.4;1385.0;31843.0
ChevroletTrailBlazer EXT;2005.0;280.3333333333333;6.0;4.0;18.333333333333332;13.333333333333334;1385.0;30166.666666666668
ChevroletTraverse;2016.0384615384614;282.61538461538464;6.0;4.0;22.46153846153846;15.461538461538462;1385.0;36282.692307692305
ChevroletTrax;2015.909090909091;138.0;4.0;4.0;32.22727272727273;24.863636363636363;1385.0;23123.636363636364
ChevroletUplander;2006.8695652173913;224.52173913043478;6.0;4.0;22.91304347826087;15.956521739130435;1385.0;24609.565217391304
ChevroletVenture;2003.6363636363637;185.0;6.0;4.0;23.636363636363637;16.818181818181817;1385.0;26836.590909090908
Chrysler200;2016.1304347826087;217.7826086956522;4.608695652173913;4.0;33.73913043478261;21.47826086956522;1013.0;26582.17391304348
Chrysler300;2016.0666666666666;294.6666666666667;6.0;4.0;28.833333333333332;18.5;1013.0;38134.333333333336
Chrysler300M;2003.0;251.66666666666666;6.0;4.0;24.666666666666668;16.0;1013.0;30600.833333333332
ChryslerAspen;2008.142857142857;295.0;8.0;4.0;18.428571428571427;14.142857142857142;1013.0;35792.142857142855
ChryslerCirrus;1999.0;168.0;6.0;4.0;24.666666666666668;16.666666666666668;1013.0;2227.3333333333335
ChryslerConcorde;2003.0;228.0;6.0;4.0;25.333333333333332;17.333333333333332;1013.0;25935.0
ChryslerCrossfire;2006.6666666666667;234.16666666666666;6.0;2.0;22.833333333333332;15.0;1013.0;36849.583333333336
ChryslerGrand Voyager;2000.0;158.0;6.0;4.0;23.0;16.0;1013.0;2217.5
ChryslerImperial;1992.0;150.0;6.0;4.0;23.333333333333332;16.0;1013.0;2000.0
ChryslerLHS;2000.0;253.0;6.0;4.0;24.0;16.0;1013.0;10922.333333333334
ChryslerLe Baron;1993.4166666666667;130.91666666666666;5.5;2.6666666666666665;25.5;18.333333333333332;1013.0;2000.0
ChryslerNew Yorker;1995.0;214.0;6.0;4.0;24.0;16.0;1013.0;2000.0
ChryslerPT Cruiser;2008.625;157.5;4.0;3.75;24.75;19.5;1013.0;19908.125
ChryslerPacifica;2010.2941176470588;257.3529411764706;6.0;4.0;23.941176470588236;15.588235294117647;1013.0;31424.41176470588
ChryslerProwler;2001.5;253.0;6.0;2.0;21.0;15.5;1013.0;44625.0
ChryslerSebring;2008.9;187.35;4.7;3.1;28.5;19.4;1013.0;25975.75
ChryslerTC;1990.3333333333333;160.66666666666666;5.333333333333333;2.0;22.333333333333332;15.666666666666666;1013.0;2000.0
ChryslerTown and Country;2015.1764705882354;283.0;6.0;4.0;25.0;17.0;1013.0;35130.882352941175
ChryslerVoyager;2002.0;162.85714285714286;4.857142857142857;4.0;23.142857142857142;17.0;1013.0;20951.428571428572
DodgeAvenger;2012.9;217.0;4.8;4.0;29.7;19.9;1851.0;22825.0
DodgeCaliber;2010.6875;160.625;4.0;4.0;29.625;23.25;1851.0;18739.0625
DodgeCaravan;2006.0;167.77777777777777;5.333333333333333;4.0;24.0;17.0;1851.0;20480.555555555555
DodgeChallenger;2016.090909090909;425.7878787878788;7.636363636363637;2.0;24.12121212121212;15.242424242424242;1851.0;39230.454545454544
DodgeCharger;2016.0357142857142;401.42857142857144;7.142857142857143;4.0;26.607142857142858;16.571428571428573;1851.0;38835.71428571428
DodgeColt;1993.2;98.3;4.0;2.8;33.4;26.1;1851.0;2000.0
DodgeDakota;2008.7384615384615;217.07692307692307;6.153846153846154;4.0;19.06153846153846;14.661538461538461;1851.0;26955.30769230769
DodgeDart;2015.2857142857142;172.57142857142858;4.0;4.0;36.04761904761905;24.142857142857142;1851.0;20150.0
DodgeDaytona;1991.857142857143;137.64285714285714;4.428571428571429;2.0;26.714285714285715;18.928571428571427;1851.0;2000.0
DodgeDurango;2016.0714285714287;307.57142857142856;6.428571428571429;4.0;24.714285714285715;17.321428571428573;1851.0;39512.142857142855
DodgeDynasty;1992.0;120.5;5.0;4.0;24.666666666666668;18.166666666666668;1851.0;2000.0
DodgeGrand Caravan;2015.875;283.0;6.0;4.0;25.0;17.0;1851.0;27101.25
DodgeIntrepid;2003.0;225.0;6.0;4.0;25.375;17.25;1851.0;23596.25
DodgeJourney;2015.967741935484;240.41935483870967;5.225806451612903;4.0;24.774193548387096;17.29032258064516;1851.0;28165.967741935485
DodgeMagnum;2007.0625;304.5625;7.125;4.0;22.3125;15.3125;1851.0;30826.875
DodgeMonaco;1991.0;150.0;6.0;4.0;24.0;15.666666666666666;1851.0;2000.0
DodgeNeon;2003.923076923077;155.07692307692307;4.0;4.0;30.53846153846154;23.153846153846153;1851.0;16448.846153846152
DodgeNitro;2010.25;226.66666666666666;6.0;4.0;21.25;15.666666666666666;1851.0;24705.0
DodgeOmni;1990.0;93.0;4.0;4.0;31.0;22.0;1851.0;2000.0
DodgeRAM 150;1992.05;183.0;6.8;2.0;16.05;11.95;1851.0;2002.275
DodgeRAM 250;1991.88;192.6;7.68;2.0;14.56;11.32;1851.0;2022.16
DodgeRam 50 Pickup;1991.6842105263158;121.63157894736842;4.421052631578948;2.0;21.263157894736842;16.57894736842105;1851.0;2000.0
DodgeRam Cargo;2002.0;195.0;6.8;3.0;15.133333333333333;12.733333333333333;1851.0;20806.0
DodgeRam Pickup 1500;2008.967741935484;309.6774193548387;7.709677419354839;3.225806451612903;18.258064516129032;13.370967741935484;1851.0;30622.822580645163
DodgeRam Van;1999.0833333333333;197.08333333333334;6.833333333333333;3.0;16.5;12.75;1851.0;2200.5833333333335
DodgeRam Wagon;2000.8;195.0;6.8;3.0;14.8;12.0;1851.0;14141.6
DodgeRamcharger;1992.090909090909;213.63636363636363;8.0;2.0;14.318181818181818;10.863636363636363;1851.0;2000.0
DodgeSRT Viper;2013.5;640.0;10.0;2.0;19.0;12.0;1851.0;102515.0
DodgeShadow;1992.6363636363637;106.9090909090909;4.0;2.727272727272727;28.0;21.181818181818183;1851.0;2000.0
DodgeSpirit;1993.75;100.5;4.0;4.0;26.5;20.25;1851.0;2000.0
DodgeStealth;1994.9;234.0;6.0;2.0;22.4;16.7;1851.0;2617.7
DodgeStratus;2004.5294117647059;181.52941176470588;5.294117647058823;3.2941176470588234;26.11764705882353;19.058823529411764;1851.0;21531.470588235294
DodgeViper;2016.0714285714287;645.0;10.0;2.0;20.285714285714285;12.0;1851.0;99709.28571428571
FIAT124 Spider;2017.0;160.0;4.0;2.0;35.0;26.0;819.0;26895.0
FIAT500;2015.8214285714287;116.07142857142857;4.0;2.0;36.57142857142857;29.25;819.0;20449.821428571428
FIAT500L;2015.8461538461538;160.0;4.0;4.0;31.846153846153847;23.846153846153847;819.0;22120.76923076923
FIAT500X;2016.4;177.33333333333334;4.0;4.0;30.533333333333335;21.933333333333334;819.0;24620.333333333332
FIAT500e;2016.0;;0.0;2.0;104.66666666666667;121.33333333333333;819.0;31800.0
Ferrari360;2003.076923076923;401.9230769230769;8.0;2.0;15.0;10.0;2774.0;161978.53846153847
Ferrari456M;2002.0;442.0;12.0;2.0;14.5;9.0;2774.0;225027.5
Ferrari458 Italia;2014.125;570.75;8.0;2.0;17.0;13.0;2774.0;258059.875
Ferrari550;2001.0;485.0;12.0;2.0;12.0;8.0;2774.0;227170.0
Ferrari575M;2003.0;515.0;12.0;2.0;15.5;9.0;2774.0;221966.33333333334
Ferrari599;2010.0;621.0;12.0;2.0;15.0;11.0;2774.0;334449.2
Ferrari612 Scaglietti;2010.0;532.0;12.0;2.0;16.0;9.0;2774.0;313088.0
FerrariCalifornia;2013.0;473.0;8.0;2.0;19.0;13.0;2774.0;197406.66666666666
FerrariCalifornia T;2015.0;553.0;8.0;2.0;23.0;16.0;2774.0;198973.0
FerrariEnzo;2003.0;660.0;12.0;2.0;12.0;7.0;2774.0;643330.0
FerrariF12 Berlinetta;2014.0;731.0;12.0;2.0;16.0;11.0;2774.0;317257.0
FerrariF430;2007.923076923077;483.0;8.0;2.0;16.0;11.0;2774.0;205580.23076923078
FerrariFF;2014.0;651.0;12.0;2.0;16.0;11.0;2774.0;295000.0
FerrariSuperamerica;2005.0;532.0;12.0;2.0;15.5;9.0;2774.0;287625.0
FordAerostar;1996.0;142.25;6.0;3.0;20.75;14.75;5657.0;2000.0
FordAspire;1995.857142857143;63.0;4.0;2.857142857142857;38.0;29.857142857142858;5657.0;2000.0
FordBronco;1995.0;196.33333333333334;8.0;2.0;16.22222222222222;12.11111111111111;5657.0;2697.0
FordBronco II;1990.0;140.0;6.0;2.0;20.0;15.5;5657.0;2000.0
FordC-Max Hybrid;2016.0;188.0;4.0;4.0;37.0;42.0;5657.0;25653.333333333332
FordContour;1998.75;130.625;4.25;4.0;31.0;20.625;5657.0;2009.875
FordContour SVT;1999.0;198.33333333333334;6.0;4.0;26.333333333333332;17.333333333333332;5657.0;2764.6666666666665
FordCrown Victoria;2010.0;229.0;8.0;4.0;24.0;16.0;5657.0;29671.666666666668
FordE-150;1996.923076923077;183.0;6.0;3.0;16.23076923076923;12.0;5657.0;2077.076923076923
FordE-250;1996.8;195.8;6.0;3.0;15.4;11.8;5657.0;2018.7
FordE-Series Van;2013.0;235.0;8.0;3.0;16.444444444444443;12.666666666666666;5657.0;29893.61111111111
FordE-Series Wagon;2013.0;245.0;8.0;3.0;15.333333333333334;11.666666666666666;5657.0;33477.5
FordEdge;2015.9545454545455;257.72727272727275;4.363636363636363;4.0;27.954545454545453;19.545454545454547;5657.0;34236.818181818184
FordEscape;2016.0;175.27272727272728;4.0;4.0;30.2;22.333333333333332;5657.0;27458.666666666668
FordEscape Hybrid;2010.0;177.0;4.0;4.0;29.0;31.833333333333332;5657.0;32125.0
FordEscort;2002.2222222222222;125.55555555555556;4.0;2.4444444444444446;30.88888888888889;22.77777777777778;5657.0;13867.222222222223
FordExpedition;2016.4444444444443;365.0;6.0;4.0;20.416666666666668;15.0;5657.0;56883.36111111111
FordExplorer;2016.0434782608695;305.4347826086956;5.826086956521739;4.0;23.391304347826086;16.695652173913043;5657.0;38451.30434782609
FordExplorer Sport;2002.3333333333333;203.0;6.0;2.0;18.77777777777778;14.277777777777779;5657.0;24422.222222222223
FordExplorer Sport Trac;2008.8148148148148;243.40740740740742;6.814814814814815;4.0;19.555555555555557;13.592592592592593;5657.0;30261.11111111111
FordF-150;2016.031746031746;331.87301587301585;6.666666666666667;3.619047619047619;23.317460317460316;16.936507936507937;5657.0;40747.04761904762
FordF-150 Heritage;2004.0;210.7;6.6;2.8;18.2;13.9;5657.0;24145.75
FordF-150 SVT Lightning;1998.0;320.0;8.0;2.0;15.0;11.666666666666666;5657.0;5353.0
FordF-250;1998.0;220.0;8.0;2.6666666666666665;16.708333333333332;12.458333333333334;5657.0;3280.0
FordFestiva;1992.0;63.0;4.0;2.0;37.666666666666664;30.0;5657.0;2000.0
FordFiesta;2016.0;131.0;4.0;4.0;35.095238095238095;27.142857142857142;5657.0;17126.428571428572
FordFive Hundred;2005.875;203.0;6.0;4.0;24.4375;17.9375;5657.0;25303.75
FordFlex;2016.0;300.0;6.0;4.0;22.88888888888889;16.333333333333332;5657.0;36120.833333333336
FordFocus;2016.1;157.8235294117647;3.35;4.0;47.55;39.25;5657.0;21790.5
FordFocus RS;2017.0;350.0;4.0;4.0;25.0;19.0;5657.0;36120.0
FordFocus ST;2016.0;252.0;4.0;4.0;31.333333333333332;22.333333333333332;5657.0;24523.333333333332
FordFreestar;2005.857142857143;199.0;6.0;4.0;21.428571428571427;15.571428571428571;5657.0;25788.928571428572
FordFreestyle;2005.875;203.0;6.0;4.0;23.5;17.5;5657.0;27838.75
FordFusion;2016.1176470588234;211.23529411764707;4.0;4.0;31.705882352941178;21.41176470588235;5657.0;28807.941176470587
FordFusion Hybrid;2016.1;188.0;4.0;4.0;41.0;43.6;5657.0;29005.5
FordGT;2005.5;550.0;8.0;2.0;19.0;12.0;5657.0;149995.0
FordLTD Crown Victoria;1990.5384615384614;150.0;8.0;4.0;22.0;15.0;5657.0;2000.0
FordMustang;2015.9166666666667;360.0;6.083333333333333;2.0;27.416666666666668;17.833333333333332;5657.0;32520.625
FordMustang SVT Cobra;1998.0;310.0;8.0;2.0;23.333333333333332;15.666666666666666;5657.0;4041.0
FordProbe;1995.875;135.25;4.75;2.0;27.75;21.125;5657.0;2000.0
FordRanger;2009.7837837837837;179.32432432432432;5.135135135135135;2.7027027027027026;22.756756756756758;17.91891891891892;5657.0;21340.135135135137
FordShelby GT350;2016.0;526.0;8.0;2.0;21.0;14.333333333333334;5657.0;55711.666666666664
FordShelby GT500;2013.2;639.6;8.0;2.0;23.8;15.0;5657.0;55486.0
FordTaurus;2016.0;300.8333333333333;6.0;4.0;26.11111111111111;17.666666666666668;5657.0;33592.5
FordTaurus X;2008.5;261.5;6.0;4.0;23.0;15.75;5657.0;30837.5
FordTempo;1992.8181818181818;104.0;4.363636363636363;3.272727272727273;29.272727272727273;20.636363636363637;5657.0;2000.0
FordThunderbird;2003.75;280.0;8.0;2.0;21.75;15.75;5657.0;38502.5
FordTransit Connect;2016.0217391304348;169.0;4.0;4.0;28.0;20.17391304347826;5657.0;25110.760869565216
FordTransit Wagon;2016.0;277.9166666666667;6.0;3.0;19.0;14.0;5657.0;37716.25
FordWindstar;2002.0;200.0;6.0;3.9444444444444446;21.666666666666668;16.0;5657.0;28443.61111111111
FordWindstar Cargo;2002.0;200.0;6.0;3.0;21.666666666666668;16.0;5657.0;20626.666666666668
GMCAcadia;2016.03125;270.09375;5.625;4.0;23.625;17.0625;549.0;40086.40625
GMCAcadia Limited;2017.0;281.0;6.0;4.0;22.0;15.0;549.0;44850.0
GMCCanyon;2014.4791666666667;239.9375;4.833333333333333;3.8333333333333335;24.895833333333332;18.083333333333332;549.0;28899.166666666668
GMCEnvoy;2008.0;291.55555555555554;6.666666666666667;4.0;19.944444444444443;13.944444444444445;549.0;33076.666666666664
GMCEnvoy XL;2005.125;285.25;6.5;4.0;18.125;13.0625;549.0;33925.9375
GMCEnvoy XUV;2005.0;275.0;6.0;4.0;17.5;12.5;549.0;32947.5
GMCJimmy;2000.032258064516;190.0;6.0;3.225806451612903;18.838709677419356;14.225806451612904;549.0;11239.935483870968
GMCRally Wagon;1994.3333333333333;171.66666666666666;6.666666666666667;3.0;16.0;12.666666666666666;549.0;2000.0
GMCS-15;1990.0;131.05263157894737;4.947368421052632;2.0;22.157894736842106;18.157894736842106;549.0;2000.0
GMCS-15 Jimmy;1990.6666666666667;153.33333333333334;6.0;2.6666666666666665;19.77777777777778;14.61111111111111;549.0;2000.0
GMCSafari;2004.0;190.0;6.0;3.0;17.666666666666668;13.0;549.0;25105.0
GMCSafari Cargo;2004.0;190.0;6.0;3.0;19.0;14.333333333333334;549.0;23791.666666666668
GMCSavana;2015.0588235294117;287.05882352941177;8.0;3.0;16.647058823529413;11.235294117647058;549.0;34804.117647058825
GMCSavana Cargo;2014.857142857143;280.35714285714283;7.857142857142857;3.0;16.857142857142858;11.357142857142858;549.0;31863.214285714286
GMCSierra 1500;2016.0;314.55555555555554;6.844444444444444;3.466666666666667;22.72222222222222;16.844444444444445;549.0;40312.11111111111
GMCSierra 1500 Classic;2007.0;279.2857142857143;7.714285714285714;3.510204081632653;18.3265306122449;13.918367346938776;549.0;27964.79591836735
GMCSierra 1500 Hybrid;2012.0;332.0;8.0;4.0;23.0;20.0;549.0;45193.333333333336
GMCSierra 1500HD;2006.0;300.0;8.0;4.0;17.0;13.0;549.0;33126.666666666664
GMCSierra C3;2001.0;325.0;8.0;4.0;13.0;10.0;549.0;38370.0
GMCSierra Classic 1500;1999.0;200.0;8.0;3.0;16.5;12.5;549.0;4567.0
GMCSonoma;2002.5;147.22222222222223;4.777777777777778;2.6666666666666665;21.61111111111111;16.22222222222222;549.0;18098.11111111111
GMCSuburban;1998.1666666666667;255.0;8.0;4.0;16.666666666666668;11.833333333333334;549.0;2947.6666666666665
GMCSyclone;1991.0;280.0;6.0;2.0;16.0;13.0;549.0;5667.0
GMCTerrain;2015.9310344827586;182.0;4.0;4.0;30.344827586206897;20.93103448275862;549.0;30442.58620689655
GMCTyphoon;1992.5;285.0;6.0;2.0;17.0;13.5;549.0;6392.5
GMCVandura;1994.4545454545455;174.54545454545453;6.181818181818182;3.0;19.181818181818183;14.545454545454545;549.0;2000.0
GMCYukon;2016.0;376.6666666666667;8.0;4.0;22.055555555555557;15.61111111111111;549.0;58270.555555555555
GMCYukon Denali;2000.0;255.0;8.0;4.0;15.0;11.0;549.0;3949.0
GMCYukon Hybrid;2012.0;332.0;8.0;4.0;23.0;20.0;549.0;57979.583333333336
GMCYukon XL;2016.0;376.6666666666667;8.0;4.0;21.944444444444443;15.166666666666666;549.0;60970.555555555555
GenesisG80;2017.0;347.3333333333333;6.666666666666667;4.0;25.333333333333332;16.333333333333332;21.0;46616.666666666664
HUMMERH3;2009.1;258.5;5.9;4.0;17.4;13.5;130.0;37749.0
HUMMERH3T;2009.7142857142858;265.14285714285717;6.285714285714286;4.0;17.142857142857142;13.571428571428571;130.0;34629.28571428572
HondaAccord;2016.0933333333332;211.57333333333332;4.56;3.0933333333333333;33.946666666666665;24.08;2202.0;27886.066666666666
HondaAccord Crosstour;2010.5;271.0;6.0;4.0;26.4;17.8;2202.0;33610.0
HondaAccord Hybrid;2015.3333333333333;201.0;4.0;4.0;45.666666666666664;49.666666666666664;2202.0;32316.11111111111
HondaAccord Plug-In Hybrid;2014.0;196.0;4.0;4.0;46.0;47.0;2202.0;39780.0
HondaCR-V;2015.0625;185.0;4.0;4.0;32.0;24.875;2202.0;27968.4375
HondaCR-Z;2015.0;130.0;4.0;2.0;38.5;33.5;2202.0;22288.88888888889
HondaCivic;2015.985294117647;162.02941176470588;4.0;3.323529411764706;39.455882352941174;30.16176470588235;2202.0;22517.941176470587
HondaCivic CRX;1990.5;87.33333333333333;4.0;2.0;35.5;29.0;2202.0;2000.0
HondaCivic del Sol;1996.0;130.11111111111111;4.0;2.0;31.77777777777778;25.88888888888889;2202.0;2136.4444444444443
HondaCrosstour;2014.0;245.75;5.25;4.0;29.875;20.5;2202.0;33063.75
HondaElement;2009.7142857142858;166.0;4.0;4.0;24.428571428571427;19.428571428571427;2202.0;23145.95238095238
HondaFit;2016.0;130.0;4.0;4.0;37.833333333333336;31.166666666666668;2202.0;18338.333333333332
HondaFit EV;2013.5;;0.0;4.0;105.0;132.0;2202.0;36625.0
HondaHR-V;2016.5;141.0;4.0;4.0;33.125;26.875;2202.0;22315.0
HondaInsight;2012.8;98.0;4.0;4.0;44.0;41.0;2202.0;21192.5
HondaOdyssey;2015.5333333333333;248.0;6.0;4.0;28.0;19.0;2202.0;36879.0
HondaPassport;2001.2;205.0;6.0;4.0;19.2;14.95;2202.0;22185.7
HondaPilot;2016.0625;271.25;6.0;4.0;25.895833333333332;18.3125;2202.0;36904.166666666664
HondaPrelude;2000.142857142857;199.28571428571428;4.0;2.0;24.571428571428573;19.857142857142858;2202.0;12568.857142857143
HondaRidgeline;2015.3478260869565;265.6521739130435;6.0;4.0;23.304347826086957;16.782608695652176;2202.0;34248.69565217391
HondaS2000;2008.2857142857142;237.0;4.0;2.0;24.857142857142858;18.0;2202.0;36019.28571428572
HyundaiAccent;2015.0;137.33333333333334;4.0;4.0;37.5;26.666666666666668;1439.0;15911.666666666666
HyundaiAzera;2016.0;293.0;6.0;4.0;28.333333333333332;19.5;1439.0;36500.0
HyundaiElantra;2016.0833333333333;155.875;4.0;4.0;36.291666666666664;26.625;1439.0;20437.5
HyundaiElantra Coupe;2013.25;152.625;4.0;2.0;36.5;26.5;1439.0;19458.75
HyundaiElantra GT;2016.0;173.0;4.0;4.0;32.833333333333336;24.0;1439.0;19300.0
HyundaiElantra Touring;2011.0;138.0;4.0;4.0;30.5;23.0;1439.0;18161.666666666668
HyundaiEntourage;2007.4;245.2;6.0;4.0;23.0;16.0;1439.0;26615.0
HyundaiEquus;2015.0;429.0;8.0;4.0;23.0;15.0;1439.0;65041.666666666664
HyundaiExcel;1992.909090909091;81.0;4.0;2.909090909090909;31.90909090909091;24.727272727272727;1439.0;2000.0
HyundaiGenesis;2015.125;355.75;6.75;4.0;25.5;16.375;1439.0;43306.25
HyundaiGenesis Coupe;2014.8333333333333;335.6666666666667;5.666666666666667;2.0;24.88888888888889;16.444444444444443;1439.0;30577.777777777777
HyundaiSanta Fe;2016.111111111111;290.0;6.0;4.0;23.833333333333332;17.666666666666668;1439.0;35030.555555555555
HyundaiSanta Fe Sport;2016.0;236.625;4.0;4.0;25.9375;19.25;1439.0;30525.0
HyundaiScoupe;1994.0;99.66666666666667;4.0;2.0;30.88888888888889;23.22222222222222;1439.0;2000.0
HyundaiSonata;2015.9722222222222;200.86111111111111;4.0;4.0;34.888888888888886;24.36111111111111;1439.0;25707.63888888889
HyundaiSonata Hybrid;2016.125;194.5;4.0;4.0;42.625;38.125;1439.0;28487.5
HyundaiTiburon;2006.95;161.8;5.4;2.0;25.0;17.95;1439.0;19910.0
HyundaiTucson;2016.0;173.83333333333334;4.0;4.0;28.375;23.0;1439.0;25970.833333333332
HyundaiVeloster;2014.9;165.0;4.0;3.0;34.2;26.033333333333335;1439.0;20928.333333333332
HyundaiVeracruz;2011.0;260.0;6.0;4.0;21.833333333333332;16.5;1439.0;32220.0
HyundaiXG300;2001.0;192.0;6.0;4.0;25.0;17.0;1439.0;24249.0
HyundaiXG350;2004.0;194.0;6.0;4.0;24.0;15.333333333333334;1439.0;25099.0
InfinitiEX;2012.0;306.3333333333333;6.0;4.0;24.166666666666668;17.0;190.0;37808.333333333336
InfinitiEX35;2009.0;297.0;6.0;4.0;23.5;16.5;190.0;35191.666666666664
InfinitiFX;2012.090909090909;332.72727272727275;6.545454545454546;4.0;21.545454545454547;15.545454545454545;190.0;50104.545454545456
InfinitiFX35;2009.0;293.6666666666667;6.0;4.0;21.666666666666668;15.666666666666666;190.0;41750.0
InfinitiFX45;2007.0;320.0;8.0;4.0;17.0;13.0;190.0;49900.0
InfinitiFX50;2009.5;390.0;8.0;4.0;20.0;14.0;190.0;58700.0
InfinitiG Convertible;2012.0;327.25;6.0;2.0;24.625;16.625;190.0;51750.0
InfinitiG Coupe;2011.9411764705883;336.3529411764706;6.0;2.0;25.941176470588236;18.11764705882353;190.0;44408.82352941176
InfinitiG Sedan;2011.695652173913;299.30434782608694;6.0;4.0;26.47826086956522;18.608695652173914;190.0;38393.47826086957
InfinitiG20;2001.0;145.0;4.0;4.0;28.0;20.625;190.0;17608.75
InfinitiG35;2006.9375;297.375;6.0;3.5;23.625;16.875;190.0;32884.375
InfinitiG37;2008.7692307692307;328.61538461538464;6.0;2.6153846153846154;25.153846153846153;17.53846153846154;190.0;36900.0
InfinitiG37 Convertible;2010.0;325.0;6.0;2.0;24.666666666666668;16.666666666666668;190.0;48733.333333333336
InfinitiG37 Coupe;2010.0;330.0;6.0;2.0;26.2;18.4;190.0;40730.0
InfinitiG37 Sedan;2010.0;328.0;6.0;4.0;26.0;18.333333333333332;190.0;37941.666666666664
InfinitiI30;2000.0;214.66666666666666;6.0;4.0;24.5;17.5;190.0;11904.333333333334
InfinitiI35;2003.0;255.0;6.0;4.0;24.0;17.0;190.0;29483.333333333332
InfinitiJ30;1996.4285714285713;210.0;6.0;4.0;22.0;16.0;190.0;2027.7142857142858
InfinitiJX;2013.0;265.0;6.0;4.0;23.5;18.0;190.0;41950.0
InfinitiM;2012.5;372.0;6.8;4.0;25.8;18.8;190.0;55135.0
InfinitiM30;1991.2;162.0;6.0;2.0;23.0;17.0;190.0;2000.0
InfinitiM35;2009.0;289.0;6.0;4.0;23.166666666666668;16.333333333333332;190.0;46175.0
InfinitiM37;2011.0;330.0;6.0;4.0;25.0;17.5;190.0;48125.0
InfinitiM45;2009.0;325.0;8.0;4.0;20.5;15.0;190.0;52766.666666666664
InfinitiM56;2011.0;420.0;8.0;4.0;24.0;16.0;190.0;59700.0
InfinitiQ40;2015.0;328.0;6.0;4.0;26.0;18.5;190.0;34750.0
InfinitiQ45;2004.75;340.0;8.0;4.0;22.0;15.75;190.0;57125.0
InfinitiQ50;2016.111111111111;303.55555555555554;5.444444444444445;4.0;29.38888888888889;22.083333333333332;190.0;43130.555555555555
InfinitiQ60 Convertible;2014.5;331.0;6.0;2.0;25.333333333333332;17.333333333333332;190.0;54683.333333333336
InfinitiQ60 Coupe;2015.611111111111;309.3333333333333;5.555555555555555;2.0;26.77777777777778;19.055555555555557;190.0;45647.22222222222
InfinitiQ70;2015.1739130434783;372.69565217391306;6.869565217391305;4.0;25.52173913043478;18.434782608695652;190.0;57760.86956521739
InfinitiQX;2012.5;400.0;8.0;4.0;20.0;14.0;190.0;62225.0
InfinitiQX4;2002.0;240.0;6.0;4.0;17.833333333333332;13.833333333333334;190.0;35050.0
InfinitiQX50;2015.75;325.0;6.0;4.0;24.25;17.0;190.0;36025.0
InfinitiQX56;2010.0;346.6666666666667;8.0;4.0;18.333333333333332;12.666666666666666;190.0;58150.0
InfinitiQX60;2015.8;261.0;5.2;4.0;27.1;22.1;190.0;45890.0
InfinitiQX70;2016.0;325.0;6.0;4.0;23.0;16.5;190.0;46633.333333333336
InfinitiQX80;2015.142857142857;400.0;8.0;4.0;19.714285714285715;13.714285714285714;190.0;68078.57142857143
KiaAmanti;2008.0;264.0;6.0;4.0;24.0;17.0;1720.0;25678.333333333332
KiaBorrego;2009.0;309.8888888888889;7.111111111111111;4.0;20.88888888888889;15.666666666666666;1720.0;31722.777777777777
KiaCadenza;2016.125;291.875;6.0;4.0;28.0;19.375;1720.0;38392.5
KiaForte;2015.9285714285713;175.25;4.0;3.5;33.107142857142854;24.214285714285715;1720.0;19895.0
KiaK900;2015.6;376.4;7.2;4.0;24.2;15.8;1720.0;56040.0
KiaOptima;2014.8823529411766;216.7058823529412;4.0;4.0;34.11764705882353;24.058823529411764;1720.0;27312.352941176472
KiaOptima Hybrid;2016.0;196.66666666666666;4.0;4.0;41.666666666666664;36.666666666666664;1720.0;28885.833333333332
KiaRio;2015.904761904762;138.0;4.0;4.0;36.76190476190476;27.0;1720.0;16810.238095238095
KiaRondo;2008.0;173.93333333333334;4.8;4.0;26.066666666666666;18.8;1720.0;18948.333333333332
KiaSedona;2016.0;276.0;6.0;4.0;23.8;17.8;1720.0;32976.666666666664
KiaSephia;2000.25;125.0;4.0;4.0;27.5;20.5;1720.0;7066.25
KiaSorento;2016.078947368421;260.3157894736842;5.2631578947368425;4.0;25.44736842105263;18.68421052631579;1720.0;33765.26315789474
KiaSoul;2015.0;147.0;4.0;4.0;30.5;23.666666666666668;1720.0;18046.666666666668
KiaSoul EV;2015.6;;0.0;4.0;92.0;120.0;1720.0;34250.0
KiaSpectra;2008.0434782608695;138.0;4.0;4.0;30.956521739130434;23.347826086956523;1720.0;15726.739130434782
KiaSportage;2016.0;205.38888888888889;4.0;4.0;26.333333333333332;20.27777777777778;1720.0;26725.555555555555
LamborghiniAventador;2015.0;715.0;12.0;2.0;17.25;10.583333333333334;1158.0;470050.0
LamborghiniDiablo;2001.0;550.0;12.0;2.0;12.0;9.0;1158.0;294900.0
LamborghiniGallardo;2013.28;560.8;10.0;2.0;20.0;12.84;1158.0;219844.0
LamborghiniHuracan;2015.75;602.5;10.0;2.0;20.5;14.0;1158.0;234475.0
LamborghiniMurcielago;2008.6666666666667;635.7777777777778;12.0;2.0;13.555555555555555;8.555555555555555;1158.0;374666.6666666667
LamborghiniReventon;2008.0;650.0;12.0;2.0;14.0;9.0;1158.0;1500000.0
Land RoverDefender;1995.75;182.0;8.0;2.0;14.5;12.0;258.0;33761.25
Land RoverDiscovery;2003.5;217.0;8.0;4.0;14.0;11.0;258.0;37791.666666666664
Land RoverDiscovery Series II;2001.1666666666667;188.0;8.0;4.0;16.0;12.0;258.0;29518.5
Land RoverDiscovery Sport;2016.0;240.0;4.0;4.0;25.666666666666668;20.0;258.0;41784.444444444445
Land RoverFreelander;2003.7777777777778;174.0;6.0;3.3333333333333335;19.0;15.555555555555555;258.0;27149.444444444445
Land RoverLR2;2014.0;240.0;4.0;4.0;24.0;17.0;258.0;39066.666666666664
Land RoverLR3;2008.3333333333333;300.0;8.0;4.0;17.0;12.0;258.0;49508.333333333336
Land RoverLR4;2014.9;340.0;6.0;4.0;19.0;14.3;258.0;56607.9
Land RoverRange Rover;2014.8285714285714;449.0857142857143;7.314285714285714;4.0;20.714285714285715;14.8;258.0;118229.57142857143
Land RoverRange Rover Evoque;2015.8214285714287;240.0;4.0;3.4285714285714284;29.642857142857142;20.928571428571427;258.0;50522.32142857143
Land RoverRange Rover Sport;2015.0416666666667;428.25;7.083333333333333;4.0;21.333333333333332;15.791666666666666;258.0;80022.70833333333
LexusCT 200h;2016.0;134.0;4.0;4.0;40.0;43.0;454.0;31566.666666666668
LexusES 250;1990.5;156.0;6.0;4.0;23.5;17.0;454.0;2000.0
LexusES 300;2002.0;210.0;6.0;4.0;26.0;17.666666666666668;454.0;31578.333333333332
LexusES 300h;2016.0;200.0;4.0;4.0;39.0;40.0;454.0;41140.0
LexusES 330;2005.0;222.66666666666666;6.0;4.0;27.0;18.0;454.0;32066.666666666668
LexusES 350;2015.75;268.0;6.0;4.0;30.75;21.0;454.0;38785.0
LexusGS 200t;2016.5;241.0;4.0;4.0;31.25;21.5;454.0;49797.5
LexusGS 300;2005.25;232.5;6.0;4.0;24.5;17.5;454.0;41500.0
LexusGS 350;2016.0;309.1818181818182;6.0;4.0;27.272727272727273;19.181818181818183;454.0;52623.63636363636
LexusGS 400;1999.0;300.0;8.0;4.0;21.666666666666668;15.666666666666666;454.0;3749.3333333333335
LexusGS 430;2006.0;296.6666666666667;8.0;4.0;22.666666666666668;16.0;454.0;50575.0
LexusGS 450h;2015.0;338.0;6.0;4.0;34.0;29.0;454.0;61613.333333333336
LexusGS 460;2010.0;342.0;8.0;4.0;24.0;17.0;454.0;54303.333333333336
LexusGS F;2016.0;467.0;8.0;4.0;24.0;16.0;454.0;84440.0
LexusGX 460;2016.0;301.0;8.0;4.0;19.333333333333332;15.0;454.0;56299.166666666664
LexusGX 470;2008.0;263.0;8.0;4.0;18.0;14.0;454.0;47188.333333333336
LexusHS 250h;2011.0;187.0;4.0;4.0;34.0;35.0;454.0;37388.333333333336
LexusIS 200t;2016.5;241.0;4.0;4.0;32.5;22.0;454.0;37575.0
LexusIS 250;2014.25;204.0;6.0;4.0;28.5;20.625;454.0;38511.25
LexusIS 250 C;2014.0;204.0;6.0;2.0;30.0;21.0;454.0;42943.333333333336
LexusIS 300;2009.6;231.0;6.0;4.0;24.2;17.2;454.0;34369.0
LexusIS 350;2015.0;306.0;6.0;4.0;27.0;19.0;454.0;41289.166666666664
LexusIS 350 C;2014.0;306.0;6.0;2.0;27.0;19.0;454.0;47223.333333333336
LexusIS F;2013.0;416.0;8.0;4.0;23.0;16.0;454.0;62216.666666666664
LexusLFA;2012.0;552.0;10.0;2.0;16.0;11.0;454.0;375000.0
LexusLS 400;1999.0;290.0;8.0;4.0;23.0;16.333333333333332;454.0;4599.333333333333
LexusLS 430;2005.0;286.0;8.0;4.0;23.0;16.0;454.0;56041.666666666664
LexusLS 460;2015.857142857143;372.85714285714283;8.0;4.0;23.5;16.0;454.0;78523.57142857143
LexusLS 600h L;2015.0;438.0;8.0;4.0;23.0;19.0;454.0;120313.33333333333
LexusLX 450;1996.5;212.0;6.0;4.0;14.0;12.0;454.0;3974.5
LexusLX 470;2006.0;259.3333333333333;8.0;4.0;15.333333333333334;12.0;454.0;66671.66666666667
LexusLX 570;2016.0;383.0;8.0;4.0;17.666666666666668;12.666666666666666;454.0;87146.66666666667
LexusNX 200t;2016.0;235.0;4.0;4.0;27.833333333333332;21.833333333333332;454.0;36593.333333333336
LexusNX 300h;2015.8;194.0;4.0;4.0;30.4;33.8;454.0;40356.0
LexusRC 200t;2016.5;241.0;4.0;2.0;32.0;22.0;454.0;40075.0
LexusRC 300;2016.5;255.0;6.0;2.0;26.0;19.0;454.0;42690.0
LexusRC 350;2016.0;306.0;6.0;2.0;27.0;19.0;454.0;43965.833333333336
LexusRC F;2016.0;467.0;8.0;2.0;25.0;16.0;454.0;63123.333333333336
LexusRX 300;2002.0;220.0;6.0;4.0;21.0;16.5;454.0;35228.333333333336
LexusRX 330;2005.0;227.66666666666666;6.0;4.0;22.666666666666668;16.5;454.0;36590.0
LexusRX 350;2016.0;285.90909090909093;6.0;4.0;26.09090909090909;18.90909090909091;454.0;45752.27272727273
LexusRX 400h;2007.0;268.0;6.0;4.0;24.666666666666668;27.166666666666668;454.0;43340.0
LexusRX 450h;2016.0;304.2857142857143;6.0;4.0;28.285714285714285;30.714285714285715;454.0;52726.42857142857
LexusSC 300;1999.0;225.0;6.0;2.0;22.0;17.0;454.0;3633.3333333333335
LexusSC 400;1999.0;290.0;8.0;2.0;23.0;16.333333333333332;454.0;3959.0
LexusSC 430;2009.0;288.0;8.0;2.0;23.0;16.0;454.0;67188.33333333333
LincolnAviator;2003.8;302.0;8.0;4.0;16.7;11.8;61.0;42543.0
LincolnBlackwood;2002.0;300.0;8.0;4.0;15.0;11.0;61.0;51785.0
LincolnContinental;2011.1538461538462;288.3333333333333;6.769230769230769;4.0;24.53846153846154;16.23076923076923;61.0;47855.0
LincolnLS;2004.6363636363637;253.8181818181818;6.909090909090909;4.0;23.363636363636363;16.363636363636363;61.0;37970.454545454544
LincolnMKC;2016.2;240.0;4.0;4.0;27.1;19.7;61.0;40209.5
LincolnMKS;2015.0;334.77777777777777;6.0;4.0;25.77777777777778;17.555555555555557;61.0;41898.333333333336
LincolnMKT;2016.0;334.0;6.0;4.0;23.0;15.833333333333334;61.0;44950.833333333336
LincolnMKX;2016.3333333333333;303.22222222222223;6.0;4.0;24.944444444444443;16.833333333333332;61.0;45255.555555555555
LincolnMKZ;2016.25;228.0;4.0;4.0;33.333333333333336;27.833333333333332;61.0;40691.25
LincolnMKZ Hybrid;2011.0;191.0;4.0;4.0;36.0;41.0;61.0;34645.0
LincolnMark LT;2007.2;300.0;8.0;4.0;16.4;12.3;61.0;40147.5
LincolnMark VII;1991.0;225.0;8.0;2.0;22.0;15.0;61.0;2000.0
LincolnMark VIII;1997.0;281.6666666666667;8.0;2.0;24.0;15.666666666666666;61.0;2223.6666666666665
LincolnNavigator;2016.2;377.0;6.0;4.0;20.15;15.15;61.0;68917.5
LincolnTown Car;2010.25;239.0;8.0;4.0;24.0;16.0;61.0;49718.75
LincolnZephyr;2006.0;221.0;6.0;4.0;26.0;17.0;61.0;28995.0
LotusElise;2010.0;203.25;4.0;2.0;26.5;20.5;613.0;51657.5
LotusEsprit;2003.0;350.0;8.0;2.0;21.0;14.0;613.0;91291.66666666667
LotusEvora;2013.0;303.6;6.0;2.0;26.1;17.6;613.0;71776.0
LotusEvora 400;2017.0;400.0;6.0;2.0;39.0;21.0;613.0;91900.0
LotusExige;2010.1666666666667;248.5;4.0;2.0;26.0;20.0;613.0;69627.5
MaseratiCoupe;2005.0;388.3333333333333;8.0;2.0;16.166666666666668;10.666666666666666;238.0;83862.33333333333
MaseratiGhibli;2016.125;381.875;6.0;4.0;24.25;16.0;238.0;75175.0
MaseratiGranSport;2005.75;399.5;8.0;2.0;17.5;11.0;238.0;100266.5
MaseratiGranTurismo;2015.125;454.0;8.0;2.0;21.0;13.0;238.0;145993.0
MaseratiGranTurismo Convertible;2015.090909090909;451.27272727272725;8.0;2.0;20.0;13.0;238.0;155824.36363636365
MaseratiLevante;2017.0;384.5;6.0;4.0;19.5;14.0;238.0;77500.0
MaseratiQuattroporte;2016.4615384615386;440.61538461538464;6.615384615384615;4.0;22.76923076923077;15.461538461538462;238.0;119415.38461538461
MaseratiSpyder;2004.0;388.3333333333333;8.0;2.0;15.5;10.166666666666666;238.0;88165.83333333333
Maybach57;2010.857142857143;586.2857142857143;12.0;4.0;16.0;10.0;67.0;401357.14285714284
Maybach62;2010.857142857143;586.2857142857143;12.0;4.0;16.0;10.0;67.0;452471.4285714286
MaybachLandaulet;2011.5;620.0;12.0;4.0;16.0;10.0;67.0;1381375.0
Mazda2;2013.0;100.0;4.0;4.0;34.5;28.5;586.0;15821.666666666666
Mazda3;2015.8301886792453;165.9433962264151;4.0;4.0;38.471698113207545;28.056603773584907;586.0;22195.0
Mazda323;1992.8;82.0;4.0;2.0;32.8;24.8;586.0;2000.0
Mazda5;2013.909090909091;157.0;4.0;4.0;28.0;21.545454545454547;586.0;22183.636363636364
Mazda6;2016.0;184.0;4.0;4.0;36.733333333333334;25.6;586.0;24761.333333333332
Mazda626;2000.909090909091;148.63636363636363;5.090909090909091;4.0;26.09090909090909;20.09090909090909;586.0;13786.818181818182
Mazda929;1994.0;193.66666666666666;6.0;4.0;22.0;17.0;586.0;2000.0
MazdaB-Series;2001.0;152.46153846153845;5.384615384615385;2.4615384615384617;21.615384615384617;16.53846153846154;586.0;16712.69230769231
MazdaB-Series Pickup;1999.075;142.225;5.4;2.7;21.25;16.525;586.0;2984.975
MazdaB-Series Truck;2007.6363636363637;173.45454545454547;5.454545454545454;3.272727272727273;21.09090909090909;16.727272727272727;586.0;20608.636363636364
MazdaCX-3;2016.5;146.0;4.0;4.0;33.25;28.0;586.0;22928.333333333332
MazdaCX-5;2015.2413793103449;176.0;4.0;4.0;31.79310344827586;25.03448275862069;586.0;25403.96551724138
MazdaCX-7;2011.05;210.8;4.0;4.0;24.85;18.5;586.0;27214.5
MazdaCX-9;2015.0526315789473;256.05263157894734;5.2631578947368425;4.0;24.63157894736842;18.31578947368421;586.0;34961.84210526316
MazdaMPV;2005.125;200.0;6.0;4.0;23.0;16.0;586.0;24888.75
MazdaMX-3;1993.6666666666667;109.0;5.0;2.0;29.666666666666668;22.333333333333332;586.0;2000.0
MazdaMX-5 Miata;2014.857142857143;160.89285714285714;4.0;2.0;29.5;22.357142857142858;586.0;28300.535714285714
MazdaMX-6;1996.0;143.71428571428572;5.142857142857143;2.0;27.0;20.142857142857142;586.0;2000.0
MazdaMazdaspeed 3;2012.0;263.0;4.0;4.0;25.0;18.0;586.0;23966.666666666668
MazdaMazdaspeed 6;2006.5;274.0;4.0;4.0;23.0;17.0;586.0;28960.0
MazdaMazdaspeed MX-5 Miata;2004.6666666666667;178.0;4.0;2.0;24.0;18.0;586.0;26030.0
MazdaMazdaspeed Protege;2003.0;170.0;4.0;4.0;27.0;21.0;586.0;20230.0
MazdaMillenia;2001.111111111111;192.22222222222223;6.0;4.0;24.555555555555557;17.0;586.0;20622.88888888889
MazdaNavajo;1993.0;158.33333333333334;6.0;2.0;19.833333333333332;15.0;586.0;2000.0
MazdaProtege;2001.8181818181818;126.0;4.0;4.0;28.545454545454547;22.545454545454547;586.0;14788.636363636364
MazdaProtege5;2002.5;130.0;4.0;4.0;28.0;22.0;586.0;16675.0
MazdaRX-7;1994.0;255.0;;2.0;23.0;15.0;586.0;8169.666666666667
MazdaRX-8;2009.8823529411766;223.76470588235293;;4.0;22.41176470588235;16.0;586.0;29727.647058823528
MazdaTribute;2009.8709677419354;193.25806451612902;4.645161290322581;4.0;26.225806451612904;19.64516129032258;586.0;24722.74193548387
MazdaTribute Hybrid;2008.5;155.0;4.0;4.0;28.75;31.5;586.0;29462.5
MazdaTruck;2002.6;168.6;5.6;2.6666666666666665;20.733333333333334;16.733333333333334;586.0;18810.666666666668
McLaren570S;2016.0;562.0;8.0;2.0;23.0;16.0;416.0;184900.0
McLaren650S Coupe;2015.0;641.0;8.0;2.0;22.0;16.0;416.0;265500.0
McLaren650S Spider;2015.0;641.0;8.0;2.0;22.0;16.0;416.0;280225.0
McLarenMP4-12C;2012.5;604.0;8.0;2.0;22.0;15.0;416.0;234200.0
Mercedes-Benz190-Class;1992.0;144.0;5.0;4.0;25.5;17.5;617.0;2000.0
Mercedes-Benz300-Class;1991.9655172413793;182.79310344827587;5.896551724137931;3.586206896551724;21.413793103448278;16.344827586206897;617.0;2385.5862068965516
Mercedes-Benz350-Class;1990.5;134.0;6.0;4.0;23.0;19.0;617.0;2182.75
Mercedes-Benz400-Class;1992.5;275.0;8.0;4.0;18.75;14.0;617.0;2398.25
Mercedes-Benz420-Class;1990.5;201.0;8.0;4.0;17.0;14.0;617.0;2093.0
Mercedes-Benz500-Class;1992.375;318.5;8.0;3.0;16.75;12.75;617.0;3643.625
Mercedes-Benz560-Class;1990.5;238.0;8.0;3.0;16.0;12.0;617.0;2310.0
Mercedes-Benz600-Class;1992.75;392.25;12.0;3.0;15.0;11.0;617.0;3475.5
Mercedes-BenzAMG GT;2016.6666666666667;487.3333333333333;8.0;2.0;22.0;16.0;617.0;124100.0
Mercedes-BenzB-Class Electric Drive;2016.0;177.0;0.0;4.0;82.0;85.0;617.0;40933.333333333336
Mercedes-BenzC-Class;2016.054054054054;310.7837837837838;5.243243243243243;3.4594594594594597;29.405405405405407;21.72972972972973;617.0;49298.37837837838
Mercedes-BenzC36 AMG;1996.0;273.3333333333333;6.0;4.0;20.666666666666668;16.0;617.0;3960.3333333333335
Mercedes-BenzC43 AMG;1999.0;302.0;8.0;4.0;21.0;16.0;617.0;4957.333333333333
Mercedes-BenzCL-Class;2013.0;524.0;10.0;2.0;20.5;13.5;617.0;160483.33333333334
Mercedes-BenzCLA-Class;2016.0;261.44444444444446;4.0;4.0;33.666666666666664;24.22222222222222;617.0;38427.77777777778
Mercedes-BenzCLK-Class;2007.9333333333334;356.6666666666667;7.2;2.0;22.333333333333332;15.2;617.0;65133.333333333336
Mercedes-BenzCLS-Class;2015.8461538461538;419.9230769230769;7.384615384615385;4.0;25.53846153846154;17.692307692307693;617.0;80448.46153846153
Mercedes-BenzE-Class;2015.7551020408164;326.46938775510205;5.959183673469388;3.3877551020408165;29.367346938775512;20.6734693877551;617.0;61857.142857142855
Mercedes-BenzE55 AMG;1999.5;349.0;8.0;4.0;21.0;15.0;617.0;5999.0
Mercedes-BenzG-Class;2015.6;503.6;8.8;4.0;14.0;12.0;617.0;146040.0
Mercedes-BenzGL-Class;2015.0;395.25;7.166666666666667;4.0;20.333333333333332;15.25;617.0;84225.83333333333
Mercedes-BenzGLA-Class;2016.0;261.44444444444446;4.0;4.0;31.555555555555557;23.555555555555557;617.0;38564.444444444445
Mercedes-BenzGLC-Class;2016.5;241.0;4.0;4.0;28.0;21.5;617.0;40050.0
Mercedes-BenzGLE-Class;2016.4545454545455;392.8181818181818;6.545454545454546;4.0;21.181818181818183;16.454545454545453;617.0;73775.45454545454
Mercedes-BenzGLE-Class Coupe;2016.5;469.5;7.0;4.0;20.5;15.5;617.0;88675.0
Mercedes-BenzGLK-Class;2014.0;268.0;5.333333333333333;4.0;27.444444444444443;20.555555555555557;617.0;38656.666666666664
Mercedes-BenzGLS-Class;2017.0;462.6666666666667;7.333333333333333;4.0;19.0;14.666666666666666;617.0;95550.0
Mercedes-BenzM-Class;2014.0;355.64285714285717;6.533333333333333;4.0;22.333333333333332;16.866666666666667;617.0;61332.0
Mercedes-BenzML55 AMG;2000.0;342.0;8.0;4.0;16.0;12.0;617.0;5650.0
Mercedes-BenzMaybach;2016.5;523.0;12.0;4.0;20.5;13.0;617.0;190325.0
Mercedes-BenzMetris;2016.0;208.0;4.0;3.5;23.5;20.5;617.0;30725.0
Mercedes-BenzR-Class;2011.0;244.66666666666666;6.0;4.0;21.666666666666668;16.5;617.0;51435.0
Mercedes-BenzS-Class;2016.0;533.25;9.5;3.25;23.0;14.75;617.0;157420.83333333334
Mercedes-BenzSL-Class;2016.0;493.4166666666667;8.5;2.0;24.416666666666668;16.75;617.0;140150.0
Mercedes-BenzSLC-Class;2017.0;301.5;5.0;2.0;30.5;22.5;617.0;54125.0
Mercedes-BenzSLK-Class;2015.0;310.55555555555554;6.0;2.0;29.666666666666668;21.0;617.0;57769.444444444445
Mercedes-BenzSLR McLaren;2008.0;625.0;8.0;2.0;16.0;11.666666666666666;617.0;490000.0
Mercedes-BenzSLS AMG;2011.6666666666667;563.0;8.0;2.0;20.0;14.0;617.0;189566.66666666666
Mercedes-BenzSLS AMG GT;2013.6;590.8;8.0;2.0;18.6;13.0;617.0;218000.0
Mercedes-BenzSLS AMG GT Final Edition;2015.0;583.0;8.0;2.0;19.0;13.0;617.0;224830.0
Mitsubishi3000GT;1998.0;233.0;6.0;2.0;22.333333333333332;16.666666666666668;436.0;5035.777777777777
MitsubishiDiamante;2003.0;206.66666666666666;6.0;4.0;23.0;15.666666666666666;436.0;26901.0
MitsubishiEclipse;2011.0;191.42857142857142;4.571428571428571;2.0;26.928571428571427;19.0;436.0;23967.571428571428
MitsubishiEclipse Spyder;2011.142857142857;206.14285714285714;4.857142857142857;2.0;25.571428571428573;18.142857142857142;436.0;29984.714285714286
MitsubishiEndeavor;2009.5;225.0;6.0;4.0;20.4;15.0;436.0;29689.0
MitsubishiExpo;1993.642857142857;132.71428571428572;4.0;3.142857142857143;24.142857142857142;18.5;436.0;2000.0
MitsubishiGalant;2011.0;160.0;4.0;4.0;30.0;21.0;436.0;22899.0
MitsubishiLancer;2015.9444444444443;165.16666666666666;4.0;4.0;31.333333333333332;23.444444444444443;436.0;20756.11111111111
MitsubishiLancer Evolution;2014.142857142857;292.7142857142857;4.0;4.0;22.571428571428573;17.0;436.0;36752.142857142855
MitsubishiLancer Sportback;2013.0;158.0;4.0;4.0;30.5;23.0;436.0;20045.0
MitsubishiMighty Max Pickup;1994.6;123.0;4.4;2.0;22.4;17.4;436.0;2000.0
MitsubishiMirage;2015.4285714285713;75.42857142857143;3.0;4.0;42.785714285714285;35.57142857142857;436.0;14470.0
MitsubishiMirage G4;2017.0;78.0;3.0;4.0;41.333333333333336;34.333333333333336;436.0;15395.0
MitsubishiMontero;2005.0;215.0;6.0;4.0;17.333333333333332;13.0;436.0;35652.333333333336
MitsubishiMontero Sport;2002.8;184.2;6.0;4.0;19.0;14.9;436.0;27504.4
MitsubishiOutlander;2016.1666666666667;175.66666666666666;4.333333333333333;4.0;29.555555555555557;23.833333333333332;436.0;25939.444444444445
MitsubishiOutlander Sport;2015.9642857142858;160.14285714285714;4.0;4.0;28.428571428571427;23.071428571428573;436.0;23059.285714285714
MitsubishiPrecis;1992.0;81.0;4.0;2.0;30.0;25.0;436.0;2000.0
MitsubishiRaider;2007.8;213.33333333333334;6.266666666666667;4.0;19.466666666666665;14.733333333333333;436.0;24838.0
MitsubishiSigma;1990.0;142.0;6.0;4.0;20.0;16.0;436.0;2000.0
MitsubishiVanwagon;1990.0;107.0;4.0;3.0;19.5;17.0;436.0;2000.0
Mitsubishii-MiEV;2015.6666666666667;66.0;;4.0;100.0;124.33333333333333;436.0;22995.0
Nissan200SX;1997.0;123.33333333333333;4.0;2.0;33.111111111111114;23.77777777777778;2009.0;2008.111111111111
Nissan240SX;1997.125;155.0;4.0;2.0;25.625;19.375;2009.0;4066.375
Nissan300ZX;1995.0;241.5;6.0;2.0;22.0;16.5;2009.0;2968.5833333333335
Nissan350Z;2007.764705882353;306.0;6.0;2.0;24.029411764705884;17.294117647058822;2009.0;36442.35294117647
Nissan370Z;2016.0;336.2352941176471;6.0;2.0;25.58823529411765;18.235294117647058;2009.0;40654.117647058825
NissanAltima;2015.9583333333333;218.04166666666666;4.833333333333333;4.0;35.75;24.875;2009.0;26956.25
NissanAltima Hybrid;2010.0;184.66666666666666;4.0;4.0;33.0;34.333333333333336;2009.0;26743.333333333332
NissanArmada;2015.3;338.9;8.0;4.0;18.5;12.8;2009.0;48204.0
NissanAxxess;1990.0;138.0;4.0;3.0;22.0;17.5;2009.0;2000.0
NissanCube;2012.9;122.0;4.0;4.0;30.6;26.2;2009.0;17500.0
NissanFrontier;2015.921052631579;243.78947368421052;5.684210526315789;4.0;21.723684210526315;15.960526315789474;2009.0;27461.71052631579
NissanGT-R;2015.625;561.25;6.0;2.0;22.5;16.0;2009.0;119030.0
NissanJuke;2016.0;193.0;4.0;4.0;31.233333333333334;26.6;2009.0;25124.666666666668
NissanLeaf;2015.0;;0.0;4.0;101.0;125.6;2009.0;32423.0
NissanMaxima;2016.0833333333333;298.3333333333333;6.0;4.0;29.333333333333332;21.083333333333332;2009.0;35799.166666666664
NissanMurano;2016.0;258.57142857142856;5.714285714285714;4.0;28.357142857142858;21.857142857142858;2009.0;36381.42857142857
NissanMurano CrossCabriolet;2013.0;265.0;6.0;2.0;22.0;17.0;2009.0;43691.666666666664
NissanNV200;2016.0;131.0;4.0;4.0;26.0;24.0;2009.0;21436.666666666668
NissanNX;1992.0;125.0;4.0;2.0;31.333333333333332;22.166666666666668;2009.0;2000.0
NissanPathfinder;2015.857142857143;266.85714285714283;6.0;4.0;26.5;19.5;2009.0;35520.0
NissanPulsar;1990.0;90.0;4.0;2.0;31.0;23.0;2009.0;2000.0
NissanQuest;2015.0;260.0;6.0;4.0;26.333333333333332;19.666666666666668;2009.0;33443.333333333336
NissanRogue;2015.9;170.0;4.0;4.0;32.5;25.5;2009.0;26121.0
NissanRogue Select;2014.5;170.0;4.0;4.0;27.5;22.5;2009.0;20825.0
NissanSentra;2016.0526315789473;134.8421052631579;4.0;4.0;37.26315789473684;28.736842105263158;2009.0;19146.842105263157
NissanStanza;1991.142857142857;138.0;4.0;4.0;25.857142857142858;18.857142857142858;2009.0;2000.0
NissanTitan;2015.1142857142856;335.77142857142854;8.0;4.0;18.314285714285713;13.085714285714285;2009.0;37958.0
NissanTruck;1995.9130434782608;137.30434782608697;4.3478260869565215;2.0;20.869565217391305;17.0;2009.0;2390.1304347826085
NissanVan;1990.0;106.0;4.0;3.0;19.5;15.5;2009.0;2000.0
NissanVersa;2015.9375;109.0;4.0;4.0;38.125;29.3125;2009.0;14660.625
NissanVersa Note;2015.8125;109.0;4.0;4.0;39.25;30.5;2009.0;16834.375
NissanXterra;2014.0;261.0;6.0;4.0;20.571428571428573;15.476190476190476;2009.0;26980.47619047619
OldsmobileAchieva;1996.8;150.0;4.4;3.2;29.0;19.2;26.0;2000.0
OldsmobileAlero;2003.0;155.0;5.0;3.0;28.666666666666668;19.5;26.0;20626.25
OldsmobileAurora;2001.8;236.0;7.2;4.0;24.2;15.8;26.0;33367.6
OldsmobileBravada;2002.857142857143;272.85714285714283;6.0;4.0;19.428571428571427;13.857142857142858;26.0;34021.42857142857
OldsmobileCiera;1995.6666666666667;146.66666666666666;5.333333333333333;4.0;27.0;18.666666666666668;26.0;2000.0
OldsmobileCustom Cruiser;1991.0;160.0;8.0;4.0;22.666666666666668;15.0;26.0;2000.0
OldsmobileCutlass;1998.0;153.33333333333334;6.0;4.0;26.333333333333332;17.333333333333332;26.0;2045.3333333333333
OldsmobileCutlass Calais;1990.5;140.0;4.0;3.0;29.875;19.625;26.0;2000.0
OldsmobileCutlass Ciera;1993.0;145.0;5.166666666666667;4.0;26.416666666666668;18.25;26.0;2000.0
OldsmobileCutlass Supreme;1995.857142857143;160.0;6.0;2.857142857142857;26.0;17.571428571428573;26.0;2000.0
OldsmobileEighty-Eight;1998.142857142857;205.0;6.0;4.0;26.714285714285715;17.0;26.0;2105.0
OldsmobileEighty-Eight Royale;1994.2;186.0;6.0;4.0;26.0;17.0;26.0;2000.0
OldsmobileIntrigue;2001.0;215.0;6.0;4.0;26.333333333333332;17.333333333333332;26.0;17359.666666666668
OldsmobileLSS;1998.0;220.83333333333334;6.0;4.0;25.666666666666668;16.5;26.0;2330.0
OldsmobileNinety-Eight;1994.5714285714287;195.71428571428572;6.0;4.0;25.428571428571427;16.714285714285715;26.0;2000.0
OldsmobileRegency;1997.5;205.0;6.0;4.0;26.5;17.0;26.0;2042.0
OldsmobileSilhouette;2003.0;185.0;6.0;4.0;23.2;16.6;26.0;32803.666666666664
OldsmobileToronado;1991.0;168.33333333333334;6.0;2.0;24.0;16.0;26.0;2000.0
PlymouthAcclaim;1994.0;102.0;4.0;4.0;26.666666666666668;20.0;535.0;2000.0
PlymouthBreeze;1998.8;132.0;4.0;4.0;33.2;23.0;535.0;2000.0
PlymouthColt;1993.1052631578948;108.89473684210526;4.0;3.3684210526315788;29.473684210526315;23.105263157894736;535.0;2000.0
PlymouthGrand Voyager;1998.875;155.0;6.0;4.0;22.75;16.375;535.0;2135.875
PlymouthHorizon;1990.0;93.0;4.0;4.0;31.0;22.0;535.0;2000.0
PlymouthLaser;1993.0;154.25;4.0;2.0;26.0;19.25;535.0;2000.0
PlymouthNeon;1999.4444444444443;138.0;4.0;3.3333333333333335;34.22222222222222;24.0;535.0;3195.4444444444443
PlymouthProwler;2000.0;253.0;6.0;2.0;21.0;15.0;535.0;28543.666666666668
PlymouthSundance;1992.857142857143;96.0;4.0;3.0;28.857142857142858;22.142857142857142;535.0;2000.0
PlymouthVoyager;1998.875;153.0;5.25;3.625;23.375;17.0;535.0;2075.125
Pontiac6000;1990.375;132.5;5.5;4.0;27.625;17.625;210.0;2000.0
PontiacAztek;2004.0;185.0;6.0;4.0;23.0;16.5;210.0;22688.333333333332
PontiacBonneville;2004.0;224.44444444444446;6.444444444444445;4.0;25.666666666666668;16.88888888888889;210.0;30752.777777777777
PontiacFirebird;2001.0;265.0;7.2;2.0;25.066666666666666;16.2;210.0;19644.4
PontiacG3;2009.0;106.0;4.0;4.0;34.0;27.0;210.0;14335.0
PontiacG5;2008.0;158.33333333333334;4.0;2.0;33.166666666666664;23.333333333333332;210.0;17664.166666666668
PontiacG6;2008.7272727272727;210.5909090909091;5.363636363636363;3.090909090909091;27.40909090909091;18.59090909090909;210.0;25019.772727272728
PontiacG8;2008.6;328.6;7.2;4.0;23.6;15.4;210.0;30767.0
PontiacGTO;2005.0;383.3333333333333;8.0;2.0;19.333333333333332;14.333333333333334;210.0;31793.333333333332
PontiacGrand Am;2003.764705882353;164.11764705882354;5.411764705882353;3.2941176470588234;28.294117647058822;19.294117647058822;210.0;21345.58823529412
PontiacGrand Prix;2006.875;253.625;6.75;4.0;26.375;17.0;210.0;24986.25
PontiacLe Mans;1992.0;74.0;4.0;2.6666666666666665;35.77777777777778;25.666666666666668;210.0;2000.0
PontiacMontana;2003.9411764705883;188.52941176470588;6.0;4.0;23.058823529411764;16.352941176470587;210.0;27944.117647058825
PontiacMontana SV6;2006.0;198.5;6.0;4.0;22.0;15.5;210.0;26000.0
PontiacSolstice;2008.2727272727273;212.9090909090909;4.0;2.0;26.454545454545453;18.818181818181817;210.0;27140.0
PontiacSunbird;1992.875;115.9375;4.375;2.625;30.875;21.0625;210.0;2000.0
PontiacSunfire;2004.2;140.0;4.0;2.0;32.0;22.8;210.0;13371.0
PontiacTorrent;2008.2;216.6;6.0;4.0;23.9;16.7;210.0;26542.0
PontiacTrans Sport;1997.4285714285713;180.0;6.0;3.4285714285714284;23.142857142857142;16.142857142857142;210.0;2020.2857142857142
PontiacVibe;2009.3333333333333;148.66666666666666;4.0;4.0;29.0;22.444444444444443;210.0;18388.333333333332
Porsche718 Cayman;2017.0;325.0;4.0;2.0;27.0;20.5;1715.0;60100.0
Porsche911;2015.9137931034484;426.37931034482756;6.0;2.0;26.155172413793103;18.43103448275862;1715.0;123763.79310344828
Porsche928;1994.0;345.0;8.0;2.0;17.0;11.0;1715.0;7704.333333333333
Porsche944;1990.5;208.0;4.0;2.0;24.0;15.0;1715.0;3093.75
Porsche968;1994.0;236.0;4.0;2.0;24.0;15.0;1715.0;4643.0
PorscheBoxster;2015.125;300.0;6.0;2.0;28.25;19.75;1715.0;61412.5
PorscheCarrera GT;2004.5;605.0;10.0;2.0;15.0;9.0;1715.0;440000.0
PorscheCayenne;2016.142857142857;422.85714285714283;6.714285714285714;4.0;23.5;16.428571428571427;1715.0;94385.71428571429
PorscheCayman;2015.125;310.0;6.0;2.0;28.25;19.75;1715.0;62487.5
PorscheCayman S;2006.0;295.0;6.0;2.0;26.0;18.0;1715.0;58900.0
PorscheMacan;2016.25;354.0;5.75;4.0;23.25;17.375;1715.0;61725.0
PorschePanamera;2015.5454545454545;437.27272727272725;6.909090909090909;4.0;25.681818181818183;16.454545454545453;1715.0;123340.90909090909
Rolls-RoyceCorniche;2001.0;325.0;8.0;2.0;15.0;10.0;86.0;359990.0
Rolls-RoyceDawn;2016.0;563.0;12.0;2.0;19.0;12.0;86.0;335000.0
Rolls-RoyceGhost;2013.0;563.0;12.0;4.0;20.666666666666668;13.0;86.0;276525.0
Rolls-RoyceGhost Series II;2015.5;563.0;12.0;4.0;21.0;13.0;86.0;307831.25
Rolls-RoycePark Ward;2001.5;322.0;12.0;4.0;15.0;11.0;86.0;261445.0
Rolls-RoycePhantom;2015.0;453.0;12.0;4.0;19.0;11.0;86.0;445959.1666666667
Rolls-RoycePhantom Coupe;2015.0;453.0;12.0;2.0;19.0;11.0;86.0;440466.6666666667
Rolls-RoycePhantom Drophead Coupe;2015.0;453.0;12.0;2.0;19.0;11.0;86.0;482125.0
Rolls-RoyceSilver Seraph;2001.5;322.0;12.0;4.0;15.0;11.0;86.0;224945.0
Rolls-RoyceWraith;2015.0;624.0;12.0;2.0;21.0;13.0;86.0;294425.0
Saab3-Sep;2009.84375;215.71875;4.1875;3.5;27.59375;18.4375;376.0;37603.28125
Saab5-Sep;2009.8181818181818;263.6363636363636;4.545454545454546;4.0;27.636363636363637;17.272727272727273;376.0;42925.90909090909
Saab9-2X;2005.5;198.75;4.0;4.0;25.5;18.5;376.0;24970.0
Saab9-3 Griffin;2012.0;220.0;4.0;3.3333333333333335;30.27777777777778;19.11111111111111;376.0;36581.11111111111
Saab9-4X;2011.0;272.0;6.0;4.0;23.6;17.0;376.0;38952.0
Saab9-7X;2008.125;317.5;7.25;4.0;18.75;13.25;376.0;43393.125
Saab900;1996.8260869565217;173.2608695652174;4.3478260869565215;2.6956521739130435;24.82608695652174;17.695652173913043;376.0;2025.1304347826087
Saab9000;1996.7;203.5;4.4;4.0;25.2;17.6;376.0;2058.6
ScionFR-S;2015.0;200.0;4.0;2.0;32.0;23.5;105.0;27517.5
ScioniA;2016.0;106.0;4.0;4.0;41.5;32.0;105.0;16250.0
ScioniM;2016.0;137.0;4.0;4.0;36.5;27.5;105.0;18830.0
ScioniQ;2014.0;94.0;4.0;2.0;37.0;36.0;105.0;16168.75
SciontC;2014.857142857143;179.0;4.0;2.0;31.0;23.0;105.0;21546.428571428572
ScionxA;2005.0;106.33333333333333;4.0;4.0;34.333333333333336;27.0;105.0;12996.666666666666
ScionxB;2013.9;158.0;4.0;4.0;28.0;22.0;105.0;18444.5
ScionxD;2012.8;128.0;4.0;4.0;33.0;27.0;105.0;16683.0
SpykerC8;2009.0;400.0;8.0;2.0;18.0;13.0;2.0;213323.33333333334
SubaruB9 Tribeca;2006.4;248.0;6.0;4.0;21.0;16.0;640.0;34088.333333333336
SubaruBRZ;2016.0;201.25;4.0;2.0;30.666666666666668;22.416666666666668;640.0;27685.833333333332
SubaruBaja;2005.0;192.0;4.0;4.0;23.0;17.4;640.0;24398.333333333332
SubaruCrosstrek;2016.4;150.4;4.0;4.0;32.4;25.6;640.0;24175.0
SubaruForester;2016.0;190.0;4.0;4.0;30.083333333333332;23.583333333333332;640.0;27336.666666666668
SubaruImpreza;2016.0294117647059;149.41176470588235;4.0;4.0;36.294117647058826;27.235294117647058;640.0;21168.529411764706
SubaruImpreza WRX;2013.5;278.3333333333333;4.0;4.0;24.333333333333332;18.333333333333332;640.0;30656.11111111111
SubaruJusty;1992.8;72.3;3.0;2.8;31.2;26.4;640.0;2000.0
SubaruLegacy;2015.8947368421052;187.78947368421052;4.315789473684211;4.0;34.36842105263158;24.842105263157894;640.0;25370.78947368421
SubaruLoyale;1992.6666666666667;90.0;4.0;4.0;27.11111111111111;21.444444444444443;640.0;2000.0
SubaruOutback;2015.95;191.2;4.4;4.0;31.6;24.0;640.0;29622.25
SubaruSVX;1995.75;230.0;6.0;2.0;22.5;15.0;640.0;2280.75
SubaruTribeca;2012.6;256.0;6.0;4.0;21.0;16.0;640.0;33155.0
SubaruWRX;2016.0;282.8;4.0;4.0;24.88;18.52;640.0;32863.0
SubaruXT;1991.0;129.0;5.333333333333333;2.0;26.0;18.666666666666668;640.0;2000.0
SubaruXV Crosstrek;2014.2142857142858;151.42857142857142;4.0;4.0;32.57142857142857;25.857142857142858;640.0;24395.0
SuzukiAerio;2005.7096774193549;155.0;4.0;4.0;27.225806451612904;21.612903225806452;481.0;15918.354838709678
SuzukiEquator;2010.8695652173913;223.08695652173913;5.304347826086956;4.0;20.47826086956522;15.956521739130435;481.0;24512.608695652172
SuzukiEsteem;2001.1935483870968;121.12903225806451;4.0;4.0;30.838709677419356;23.93548387096774;481.0;13295.90322580645
SuzukiForenza;2007.0588235294117;126.76470588235294;4.0;4.0;27.5;19.235294117647058;481.0;15575.470588235294
SuzukiGrand Vitara;2011.9444444444443;166.0;4.0;4.0;24.27777777777778;19.0;481.0;22762.88888888889
SuzukiKizashi;2011.84375;181.09375;4.0;4.0;29.625;22.0625;481.0;23994.3125
SuzukiReno;2006.8666666666666;126.6;4.0;4.0;28.0;19.466666666666665;481.0;14647.0
SuzukiSX4;2011.8181818181818;148.9090909090909;4.0;4.0;30.515151515151516;22.90909090909091;481.0;17608.696969696968
SuzukiSamurai;1993.75;66.0;4.0;2.0;26.0;24.0;481.0;2000.0
SuzukiSidekick;1997.1739130434783;104.78260869565217;4.0;3.391304347826087;23.608695652173914;20.304347826086957;481.0;2022.2173913043478
SuzukiSwift;2000.4285714285713;79.0;4.0;2.0;36.142857142857146;29.857142857142858;481.0;6642.285714285715
SuzukiVerona;2004.888888888889;155.0;6.0;4.0;25.0;17.444444444444443;481.0;19221.222222222223
SuzukiVitara;2002.75;136.5;4.5;3.25;22.4375;19.25;481.0;17474.0
SuzukiX-90;1997.142857142857;95.0;4.0;2.0;26.0;22.0;481.0;2000.0
SuzukiXL-7;2004.8620689655172;185.0;6.0;4.0;20.448275862068964;15.448275862068966;481.0;23688.655172413793
SuzukiXL7;2007.7435897435898;252.0;6.0;4.0;22.076923076923077;15.948717948717949;481.0;27013.76923076923
TeslaModel S;2015.2777777777778;;0.0;4.0;98.94444444444444;94.11111111111111;1391.0;85255.55555555556
Toyota4Runner;2015.0384615384614;270.0;6.0;4.0;21.653846153846153;17.0;2031.0;38221.346153846156
Toyota86;2017.0;202.5;4.0;2.0;30.0;22.5;2031.0;26615.0
ToyotaAvalon;2016.0;268.0;6.0;4.0;30.666666666666668;21.0;2031.0;36230.333333333336
ToyotaAvalon Hybrid;2016.0;200.0;4.0;4.0;39.0;40.0;2031.0;39018.88888888889
ToyotaCamry;2016.0;206.42105263157896;4.631578947368421;4.0;33.21052631578947;23.526315789473685;2031.0;26952.894736842107
ToyotaCamry Hybrid;2016.0;200.0;4.0;4.0;38.0;40.888888888888886;2031.0;28290.555555555555
ToyotaCamry Solara;2007.03125;186.875;5.0625;2.0;28.46875;19.5;2031.0;24342.34375
ToyotaCelica;2004.0;160.0;4.0;2.0;30.125;22.5625;2031.0;20725.0
ToyotaCorolla;2015.9117647058824;133.88235294117646;4.0;4.0;37.61764705882353;28.764705882352942;2031.0;20221.176470588234
ToyotaCorolla iM;2017.0;137.0;4.0;4.0;35.5;27.5;2031.0;19120.0
ToyotaCressida;1991.0;190.0;6.0;4.0;22.0;17.0;2031.0;2000.0
ToyotaECHO;2004.0;108.0;4.0;3.0;37.0;29.0;2031.0;11016.666666666666
ToyotaFJ Cruiser;2013.0;260.0;6.0;4.0;19.333333333333332;16.11111111111111;2031.0;27865.0
ToyotaHighlander;2015.5;262.27272727272725;5.818181818181818;4.0;24.545454545454547;18.636363636363637;2031.0;37219.77272727273
ToyotaHighlander Hybrid;2015.0;280.0;6.0;4.0;28.0;27.0;2031.0;48939.166666666664
ToyotaLand Cruiser;2016.0;381.0;8.0;4.0;18.0;13.0;2031.0;82768.33333333333
ToyotaMR2;1994.0;167.5;4.0;2.0;25.5;18.5;2031.0;2138.6666666666665
ToyotaMR2 Spyder;2004.0;138.0;4.0;2.0;29.5;22.833333333333332;2031.0;25395.0
ToyotaMatrix;2012.0;147.6;4.0;4.0;29.4;22.6;2031.0;20310.333333333332
ToyotaPaseo;1996.25;94.75;4.0;2.0;32.75;25.5;2031.0;2044.5
ToyotaPickup;1994.1538461538462;134.30769230769232;5.076923076923077;2.0;20.384615384615383;16.153846153846153;2031.0;2273.923076923077
ToyotaPrevia;1995.75;155.25;4.0;3.0;19.625;15.375;2031.0;2200.1875
ToyotaPrius;2016.0;125.33333333333333;4.0;4.0;49.666666666666664;53.44444444444444;2031.0;26908.61111111111
ToyotaPrius Prime;2017.0;121.0;4.0;4.0;53.0;55.0;2031.0;29666.666666666668
ToyotaPrius c;2015.076923076923;99.0;4.0;4.0;46.0;53.0;2031.0;21377.69230769231
ToyotaPrius v;2016.0;134.0;4.0;4.0;39.666666666666664;43.666666666666664;2031.0;28841.25
ToyotaRAV4;2016.1666666666667;176.0;4.0;4.0;29.5;22.791666666666668;2031.0;28789.166666666668
ToyotaRAV4 EV;2013.0;154.0;0.0;4.0;74.0;78.0;2031.0;49800.0
ToyotaRAV4 Hybrid;2016.6;194.0;4.0;4.0;30.4;34.0;2031.0;31445.0
ToyotaSequoia;2016.0;381.0;8.0;4.0;17.0;13.0;2031.0;55687.77777777778
ToyotaSienna;2016.0;276.0;6.0;4.0;24.980392156862745;17.84313725490196;2031.0;37672.8431372549
ToyotaSupra;1997.0;270.8333333333333;6.0;2.0;22.0;15.833333333333334;2031.0;19738.0
ToyotaT100;1997.0;182.0;5.6;2.0;19.2;15.466666666666667;2031.0;2861.2
ToyotaTacoma;2016.1625;240.4625;5.475;4.0;22.4875;18.075;2031.0;30318.4375
ToyotaTercel;1996.7142857142858;93.0;4.0;2.5714285714285716;35.142857142857146;27.714285714285715;2031.0;2028.7142857142858
ToyotaTundra;2016.0714285714287;371.87142857142857;8.0;3.842857142857143;17.55;13.192857142857143;2031.0;37844.25
ToyotaVenza;2013.888888888889;229.33333333333334;5.111111111111111;4.0;25.703703703703702;19.14814814814815;2031.0;33031.851851851854
ToyotaYaris;2016.0;106.0;4.0;3.142857142857143;35.95238095238095;30.0;2031.0;16463.809523809523
ToyotaYaris iA;2017.0;106.0;4.0;4.0;39.5;31.0;2031.0;16500.0
VolkswagenBeetle;2015.44;183.33333333333334;4.0;2.0;32.96;24.786666666666665;873.0;26100.933333333334
VolkswagenBeetle Convertible;2014.887640449438;186.2921348314607;4.067415730337078;2.0;32.21348314606742;24.15730337078652;873.0;30491.96629213483
VolkswagenCC;2015.84375;205.0;4.125;4.0;30.875;21.4375;873.0;35854.375
VolkswagenCabrio;2001.2857142857142;115.0;4.0;2.0;27.357142857142858;20.571428571428573;873.0;18592.214285714286
VolkswagenCabriolet;1992.1666666666667;94.0;4.0;2.0;28.333333333333332;21.666666666666668;873.0;2000.0
VolkswagenCorrado;1992.75;173.0;5.5;2.0;23.5;16.5;873.0;2000.0
VolkswagenEos;2014.7142857142858;200.0;4.0;2.0;30.0;22.0;873.0;38063.57142857143
VolkswagenEuroVan;2002.0;201.0;6.0;3.0;18.0;15.0;873.0;26950.0
VolkswagenFox;1992.142857142857;81.0;4.0;2.857142857142857;29.714285714285715;22.0;873.0;2000.0
VolkswagenGLI;2010.3636363636363;200.0;4.0;4.0;31.09090909090909;22.181818181818183;873.0;25538.409090909092
VolkswagenGTI;2012.6315789473683;200.0;4.0;3.1578947368421053;32.0;22.5;873.0;28037.894736842107
VolkswagenGolf;2015.6296296296296;165.55555555555554;4.0;3.4814814814814814;37.925925925925924;26.22222222222222;873.0;22647.222222222223
VolkswagenGolf Alltrack;2017.0;170.0;4.0;4.0;30.0;22.0;873.0;29130.0
VolkswagenGolf GTI;2015.8;215.2;4.0;3.28;33.4;24.8;873.0;28791.6
VolkswagenGolf R;2016.2;292.0;4.0;4.0;30.4;22.6;873.0;37723.5
VolkswagenGolf SportWagen;2015.6842105263158;163.68421052631578;4.0;4.0;37.36842105263158;26.894736842105264;873.0;26127.105263157893
VolkswagenJetta;2015.5901639344263;171.72131147540983;4.0;4.0;36.950819672131146;26.18032786885246;873.0;23953.524590163935
VolkswagenJetta GLI;2013.4545454545455;207.27272727272728;4.0;4.0;32.5;23.227272727272727;873.0;27350.0
VolkswagenJetta Hybrid;2013.5;170.0;4.0;4.0;48.0;42.0;873.0;28479.375
VolkswagenJetta SportWagen;2013.0;157.14285714285714;4.571428571428571;4.0;35.214285714285715;26.071428571428573;873.0;25284.761904761905
VolkswagenNew Beetle;2008.888888888889;150.0;5.0;2.0;28.444444444444443;20.0;873.0;21973.61111111111
VolkswagenPassat;2015.6444444444444;178.0;4.177777777777778;4.0;36.17777777777778;24.377777777777776;873.0;27465.88888888889
VolkswagenPhaeton;2005.090909090909;385.72727272727275;10.181818181818182;4.0;18.818181818181817;12.363636363636363;873.0;83318.18181818182
VolkswagenR32;2006.0;245.0;6.0;2.0;23.5;17.5;873.0;31045.0
VolkswagenRabbit;2007.909090909091;162.72727272727272;5.0;2.909090909090909;28.727272727272727;20.272727272727273;873.0;17080.909090909092
VolkswagenRoutan;2010.875;260.6666666666667;6.0;4.0;24.666666666666668;16.833333333333332;873.0;35601.25
VolkswagenTiguan;2015.923076923077;200.0;4.0;4.0;25.384615384615383;20.346153846153847;873.0;31650.96153846154
VolkswagenTouareg;2015.7222222222222;272.22222222222223;6.0;4.0;25.055555555555557;18.333333333333332;873.0;54166.666666666664
VolkswagenTouareg 2;2008.5;298.5;7.333333333333333;4.0;20.0;14.166666666666666;873.0;47838.333333333336
VolkswagenVanagon;1990.3636363636363;90.0;4.0;3.0;17.272727272727273;15.545454545454545;873.0;2000.0
Volkswagene-Golf;2015.5;115.0;;4.0;105.0;126.0;873.0;33371.25
Volvo240;1991.875;114.0;4.0;4.0;25.5;18.75;870.0;2000.0
Volvo740;1990.875;133.875;4.0;4.0;24.1875;18.125;870.0;2000.0
Volvo760;1990.0;156.0;4.666666666666667;4.0;19.666666666666668;15.666666666666666;870.0;2000.0
Volvo780;1990.0;166.0;5.0;2.0;19.5;15.5;870.0;2000.0
Volvo850;1996.0;202.92307692307693;5.0;4.0;24.76923076923077;17.46153846153846;870.0;2003.5
Volvo940;1993.857142857143;138.0;4.0;4.0;23.428571428571427;17.0;870.0;2000.0
Volvo960;1996.0;181.0;6.0;4.0;23.666666666666668;15.666666666666666;870.0;2000.0
VolvoC30;2012.0;227.0;5.0;2.0;29.0;21.0;870.0;26258.333333333332
VolvoC70;2012.0;227.0;5.0;2.0;28.0;18.666666666666668;870.0;40533.333333333336
VolvoCoupe;1991.0;188.0;4.0;2.0;20.0;17.0;870.0;2000.0
VolvoS40;2009.875;212.25;5.0;4.0;28.875;20.125;870.0;30287.5
VolvoS60;2015.857142857143;273.89285714285717;4.607142857142857;4.0;32.142857142857146;22.142857142857142;870.0;40721.42857142857
VolvoS60 Cross Country;2017.0;240.0;4.0;4.0;30.0;22.0;870.0;44200.0
VolvoS70;1999.142857142857;191.57142857142858;5.0;4.0;24.857142857142858;17.5;870.0;2317.9285714285716
VolvoS80;2015.0;262.5;5.0;4.0;32.5;22.25;870.0;43365.625
VolvoS90;2013.2;262.6;4.4;4.0;30.6;21.2;870.0;41773.8
VolvoV40;2003.25;167.5;4.0;4.0;27.0;19.0;870.0;26336.25
VolvoV50;2010.0;207.33333333333334;5.0;4.0;28.833333333333332;20.166666666666668;870.0;31483.333333333332
VolvoV60;2015.904761904762;272.42857142857144;4.714285714285714;4.0;30.666666666666668;21.857142857142858;870.0;42403.333333333336
VolvoV60 Cross Country;2016.0;246.66666666666666;4.666666666666667;4.0;28.666666666666668;20.666666666666668;870.0;43125.0
VolvoV70;2009.25;235.0;6.0;4.0;25.75;17.0;870.0;34228.75
VolvoV90;1998.0;181.0;6.0;4.0;23.0;16.0;870.0;2200.0
VolvoXC;2002.0;197.0;5.0;4.0;23.0;17.0;870.0;36500.0
VolvoXC60;2015.4814814814815;280.5;4.851851851851852;4.0;27.22222222222222;19.925925925925927;870.0;43620.37037037037
VolvoXC70;2015.4444444444443;252.77777777777777;4.944444444444445;4.0;27.5;20.166666666666668;870.0;40877.77777777778
VolvoXC90;2016.0588235294117;276.0;4.235294117647059;4.0;25.294117647058822;20.470588235294116;870.0;50794.117647058825
